4.722402e-01	1.179417e+05	8.272267e+01	7.144942e+05
5.484948e-01	8.141579e+04	8.797887e+02	4.266210e+05
6.466622e-01	2.623111e+04	-1.975739e+02	1.180062e+05
7.213422e-01	1.340779e+04	1.621075e+02	5.323785e+04
8.384086e-01	4.526949e+03	4.595279e+01	1.554243e+04
9.277784e-01	2.280154e+03	7.764391e+00	6.937315e+03
1.110391e+00	2.961839e+02	2.373463e+00	7.680128e+02
1.280646e+00	1.197190e+02	3.358315e-01	2.696523e+02
1.456820e+00	3.555501e+02	-1.628699e+00	6.993768e+02
1.705128e+00	3.907677e+02	2.379395e-01	6.622956e+02
1.904369e+00	2.686736e+02	6.906293e-01	4.017058e+02
2.285267e+00	6.877020e+01	-2.386262e-01	8.791931e+01
2.538874e+00	6.266026e+01	1.901619e-01	7.078222e+01
2.959684e+00	3.592100e+01	-6.234880e-02	3.548177e+01
3.447382e+00	2.457729e+01	9.437870e-03	2.129614e+01
3.823945e+00	1.929968e+01	-5.101444e-02	1.508470e+01
4.512007e+00	1.768429e+01	-1.149425e-02	1.494246e+01
5.113662e+00	1.364550e+01	-6.944354e-03	1.202464e+01
6.156189e+00	5.066178e+00	-1.196648e-02	7.770238e+00
6.889563e+00	3.868458e+00	2.437185e-02	1.701678e+01
7.987073e+00	2.596897e+00	4.048025e-03	1.178802e+01
9.162123e+00	1.461740e+00	-1.321725e-03	1.239154e+01
1.057080e+01	1.459849e+00	-2.833993e-04	9.928220e+00
1.191479e+01	8.098213e-01	2.581815e-03	1.364832e+01
1.368979e+01	3.949658e-01	1.210069e-03	1.083496e+01
1.534133e+01	2.699466e-01	3.379166e-03	1.695190e+01
1.796085e+01	1.448040e-01	-1.143308e-03	1.660617e+01
2.104659e+01	1.075625e-01	-6.949587e-04	1.751251e+01
2.428416e+01	1.268715e-01	8.163040e-05	2.414280e+01
2.790475e+01	4.146305e-02	-2.352904e-03	2.682604e+01
3.725741e+01	2.268476e-03	-2.180952e-02	1.588793e+02
4.335344e+01	1.790722e-06	1.931072e-03	2.165160e+02
4.770568e+01	5.954619e-03	-2.165505e-03	1.909491e+02
5.549372e+01	1.418698e-02	1.046851e-02	1.588793e+02

