4.591037e-01	1.239342e+05	8.081883e+02	6.426470e+05
5.462325e-01	8.163886e+04	9.673612e+02	3.496103e+05
6.778000e-01	2.046710e+04	2.029548e+02	7.087953e+04
8.484732e-01	4.099421e+03	6.149379e+01	1.143031e+04
1.051982e+00	1.009589e+03	1.337736e+01	2.277412e+03
1.294974e+00	1.250409e+02	1.691560e-01	2.291778e+02
1.581662e+00	3.994418e+02	-1.337012e+00	5.963438e+02
1.886410e+00	2.858607e+02	4.963724e-01	3.520590e+02
2.428610e+00	6.681894e+01	-2.169384e-02	6.550571e+01
2.968417e+00	3.450715e+01	-7.312831e-02	2.793070e+01
3.655722e+00	2.239138e+01	-5.158023e-02	1.486666e+01
4.484918e+00	1.559637e+01	-3.383744e-02	1.030318e+01
5.474846e+00	1.028528e+01	5.287890e-02	8.633477e+00
6.466600e+00	4.420177e+00	-1.354189e-02	6.389010e+00
8.296527e+00	2.306328e+00	-1.677512e-04	7.091078e+00
1.034915e+01	1.514072e+00	-3.155070e-03	6.392559e+00
1.291698e+01	4.834628e-01	1.665111e-03	6.618431e+00
1.553854e+01	3.281844e-01	2.692065e-04	8.028491e+00
1.901591e+01	1.672163e-01	4.543080e-05	7.553829e+00
2.265207e+01	7.677251e-02	-3.771480e-04	9.103360e+00
2.942806e+01	4.098717e-02	-1.455373e-03	9.611348e+00
3.506473e+01	3.482838e-02	-2.404389e-04	2.245137e+01
