1.036919e+00	2.495284e+02	2.357388e+01	8.603326e+02	8.302464e-01	1	1
1.148671e+00	1.634796e+02	2.457955e+01	6.086157e+02	7.120996e-01	2	3
1.313788e+00	1.289956e+02	1.378155e+00	3.402177e+02	1.418849e+00	1	1
1.491528e+00	1.503337e+02	-1.329050e+01	3.453011e+02	1.870754e+00	1	1
1.696708e+00	1.921276e+02	1.057582e+01	3.839336e+02	2.471536e+00	2	2
2.163491e+00	1.308805e+01	-2.804183e+00	2.149373e+01	3.660069e+00	1	1
2.491258e+00	6.433704e+01	4.364516e-01	9.135818e+01	4.894712e+00	3	3
2.902241e+00	1.527367e+01	-1.743500e+00	2.153061e+01	4.966812e+00	3	4
3.273300e+00	1.603058e+01	1.228718e-01	1.709933e+01	8.674474e+00	2	2
3.773403e+00	1.703039e+01	-4.847748e-01	1.569975e+01	1.161355e+01	7	7
4.407145e+00	1.227648e+01	-1.340375e-02	9.717390e+00	1.575301e+01	4	4
5.017993e+00	8.111406e+00	1.029021e-01	6.069945e+00	1.762626e+01	11	13
6.059162e+00	5.812505e+00	6.973320e-04	3.735542e+00	2.390107e+01	9	11
6.888712e+00	3.233062e+00	1.540236e-01	1.804210e+00	3.176483e+01	14	17
7.997951e+00	2.478460e+00	-1.631161e-02	1.167685e+00	4.457956e+01	18	21
9.278368e+00	1.740822e+00	-6.758851e-02	7.102411e-01	5.969170e+01	23	27
1.082760e+01	7.823695e-01	-1.018280e-02	2.909528e-01	7.412267e+01	32	41
1.230535e+01	4.865545e-01	1.150070e-02	1.576161e-01	1.096804e+02	42	48
1.435202e+01	4.642724e-01	3.900906e-03	1.294823e-01	1.419149e+02	56	67
1.654263e+01	2.204486e-01	5.776927e-03	8.495753e-02	1.482326e+02	60	92
1.965236e+01	1.605208e-01	-3.942166e-04	8.009127e-02	1.920447e+02	79	129
2.252834e+01	8.990717e-02	2.577186e-03	8.531952e-02	2.223360e+02	90	169
2.643214e+01	7.465960e-02	1.837992e-03	6.156782e-02	3.467080e+02	142	233
3.020251e+01	4.133233e-02	7.281860e-04	9.071857e-02	3.199777e+02	128	302
3.589903e+01	2.007608e-02	9.787419e-04	8.515991e-02	4.854899e+02	191	410
4.104644e+01	1.792696e-02	5.004391e-04	7.020494e-02	6.856373e+02	272	549
4.801778e+01	1.036602e-02	2.103649e-04	8.542006e-02	8.294902e+02	330	748
5.490442e+01	4.939250e-03	-3.761975e-04	7.733145e-02	1.117697e+03	449	1003
