0.80 0.10 -3.20 606.17
0.82 0.10 -3.20 5597.55
0.85 0.10 -3.20 1090.43
0.88 0.10 -3.20 658.44
0.90 0.10 -3.20 1310.22
0.93 0.10 -3.20 733.46
0.95 0.10 -3.20 2747.71
0.98 0.10 -3.20 776.83
1.00 0.10 -3.20 945.68
1.03 0.10 -3.20 8504.39
1.05 0.10 -3.20 990.10
1.08 0.10 -3.20 2608.07
1.10 0.10 -3.20 1853.96
1.12 0.10 -3.20 990.32
1.15 0.10 -3.20 6079.70
1.18 0.10 -3.20 3899.54
0.80 0.14 -3.20 2070.12
0.82 0.14 -3.20 145.84
0.85 0.14 -3.20 225.96
0.88 0.14 -3.20 267.00
0.90 0.14 -3.20 199.81
0.93 0.14 -3.20 858.78
0.95 0.14 -3.20 4793.24
0.98 0.14 -3.20 448.86
1.00 0.14 -3.20 1453.30
1.03 0.14 -3.20 656.17
1.05 0.14 -3.20 365.92
1.08 0.14 -3.20 1341.40
1.10 0.14 -3.20 620.10
1.12 0.14 -3.20 855.76
1.15 0.14 -3.20 1164.17
1.18 0.14 -3.20 3737.99
0.80 0.17 -3.20 94.06
0.82 0.17 -3.20 203.96
0.85 0.17 -3.20 60.74
0.88 0.17 -3.20 215.31
0.90 0.17 -3.20 168.10
0.93 0.17 -3.20 455.70
0.95 0.17 -3.20 812.90
0.98 0.17 -3.20 372.19
1.00 0.17 -3.20 491.67
1.03 0.17 -3.20 1105.87
1.05 0.17 -3.20 1646.71
1.08 0.17 -3.20 2153.60
1.10 0.17 -3.20 1279.07
1.12 0.17 -3.20 1183.39
1.15 0.17 -3.20 940.63
1.18 0.17 -3.20 1532.75
0.80 0.21 -3.20 149.65
0.82 0.21 -3.20 173.63
0.85 0.21 -3.20 336.92
0.88 0.21 -3.20 54.78
0.90 0.21 -3.20 86.36
0.93 0.21 -3.20 579.58
0.95 0.21 -3.20 290.64
0.98 0.21 -3.20 565.15
1.00 0.21 -3.20 347.34
1.03 0.21 -3.20 205.58
1.05 0.21 -3.20 178.67
1.08 0.21 -3.20 158.52
1.10 0.21 -3.20 800.20
1.12 0.21 -3.20 1045.59
1.15 0.21 -3.20 407.20
1.18 0.21 -3.20 387.24
0.80 0.25 -3.20 537.61
0.82 0.25 -3.20 215.24
0.85 0.25 -3.20 147.95
0.88 0.25 -3.20 80.66
0.90 0.25 -3.20 210.75
0.93 0.25 -3.20 44.40
0.95 0.25 -3.20 184.12
0.98 0.25 -3.20 964.24
1.00 0.25 -3.20 79.72
1.03 0.25 -3.20 203.44
1.05 0.25 -3.20 141.22
1.08 0.25 -3.20 473.03
1.10 0.25 -3.20 70.57
1.12 0.25 -3.20 974.97
1.15 0.25 -3.20 106.02
1.18 0.25 -3.20 3568.29
0.80 0.29 -3.20 272.00
0.82 0.29 -3.20 241.25
0.85 0.29 -3.20 1316.05
0.88 0.29 -3.20 113.24
0.90 0.29 -3.20 129.07
0.93 0.29 -3.20 165.84
0.95 0.29 -3.20 49.85
0.98 0.29 -3.20 19.48
1.00 0.29 -3.20 149.93
1.03 0.29 -3.20 47.88
1.05 0.29 -3.20 78.75
1.08 0.29 -3.20 99.52
1.10 0.29 -3.20 204.10
1.12 0.29 -3.20 239.60
1.15 0.29 -3.20 485.98
1.18 0.29 -3.20 98.60
0.80 0.32 -3.20 139.72
0.82 0.32 -3.20 58.67
0.85 0.32 -3.20 62.95
0.88 0.32 -3.20 475.94
0.90 0.32 -3.20 197.50
0.93 0.32 -3.20 100.88
0.95 0.32 -3.20 820.43
0.98 0.32 -3.20 31.44
1.00 0.32 -3.20 795.49
1.03 0.32 -3.20 158.58
1.05 0.32 -3.20 58.50
1.08 0.32 -3.20 121.53
1.10 0.32 -3.20 3889.23
1.12 0.32 -3.20 208.68
1.15 0.32 -3.20 191.63
1.18 0.32 -3.20 149.72
0.80 0.36 -3.20 118.23
0.82 0.36 -3.20 14.02
0.85 0.36 -3.20 102.74
0.88 0.36 -3.20 94.12
0.90 0.36 -3.20 144.43
0.93 0.36 -3.20 6.69
0.95 0.36 -3.20 74.61
0.98 0.36 -3.20 43.37
1.00 0.36 -3.20 671.16
1.03 0.36 -3.20 79.09
1.05 0.36 -3.20 236.63
1.08 0.36 -3.20 8.50
1.10 0.36 -3.20 10.07
1.12 0.36 -3.20 216.47
1.15 0.36 -3.20 327.70
1.18 0.36 -3.20 570.70
0.80 0.40 -3.20 27.66
0.82 0.40 -3.20 162.87
0.85 0.40 -3.20 14.28
0.88 0.40 -3.20 41.95
0.90 0.40 -3.20 6.02
0.93 0.40 -3.20 332.06
0.95 0.40 -3.20 73.53
0.98 0.40 -3.20 91.63
1.00 0.40 -3.20 73.32
1.03 0.40 -3.20 13.41
1.05 0.40 -3.20 30.73
1.08 0.40 -3.20 4.43
1.10 0.40 -3.20 17.20
1.12 0.40 -3.20 10.62
1.15 0.40 -3.20 70.20
1.18 0.40 -3.20 632.64
0.80 0.44 -3.20 458.39
0.82 0.44 -3.20 53.78
0.85 0.44 -3.20 19.53
0.88 0.44 -3.20 58.87
0.90 0.44 -3.20 55.41
0.93 0.44 -3.20 15.01
0.95 0.44 -3.20 4.41
0.98 0.44 -3.20 21.10
1.00 0.44 -3.20 526.07
1.03 0.44 -3.20 20.56
1.05 0.44 -3.20 259.10
1.08 0.44 -3.20 34.83
1.10 0.44 -3.20 24.32
1.12 0.44 -3.20 128.49
1.15 0.44 -3.20 67.74
1.18 0.44 -3.20 128.74
0.80 0.47 -3.20 16.00
0.82 0.47 -3.20 11.77
0.85 0.47 -3.20 49.12
0.88 0.47 -3.20 42.62
0.90 0.47 -3.20 7.21
0.93 0.47 -3.20 15.09
0.95 0.47 -3.20 525.38
0.98 0.47 -3.20 11.94
1.00 0.47 -3.20 3.47
1.03 0.47 -3.20 19.82
1.05 0.47 -3.20 7.81
1.08 0.47 -3.20 8.80
1.10 0.47 -3.20 3.62
1.12 0.47 -3.20 59.99
1.15 0.47 -3.20 42.59
1.18 0.47 -3.20 44.13
0.80 0.51 -3.20 5.91
0.82 0.51 -3.20 86.11
0.85 0.51 -3.20 3.55
0.88 0.51 -3.20 4.78
0.90 0.51 -3.20 213.91
0.93 0.51 -3.20 16.86
0.95 0.51 -3.20 733.61
0.98 0.51 -3.20 14.89
1.00 0.51 -3.20 3.24
1.03 0.51 -3.20 10.79
1.05 0.51 -3.20 7.93
1.08 0.51 -3.20 17.24
1.10 0.51 -3.20 107.95
1.12 0.51 -3.20 64.44
1.15 0.51 -3.20 26.60
1.18 0.51 -3.20 62.76
0.80 0.55 -3.20 5.72
0.82 0.55 -3.20 2.67
0.85 0.55 -3.20 12.58
0.88 0.55 -3.20 3.09
0.90 0.55 -3.20 2.95
0.93 0.55 -3.20 4.37
0.95 0.55 -3.20 2.75
0.98 0.55 -3.20 3.35
1.00 0.55 -3.20 20.33
1.03 0.55 -3.20 7.90
1.05 0.55 -3.20 56.26
1.08 0.55 -3.20 37.83
1.10 0.55 -3.20 21.55
1.12 0.55 -3.20 59.18
1.15 0.55 -3.20 58.36
1.18 0.55 -3.20 4.29
0.80 0.59 -3.20 47.93
0.82 0.59 -3.20 53.48
0.85 0.59 -3.20 2.68
0.88 0.59 -3.20 14.55
0.90 0.59 -3.20 12.86
0.93 0.59 -3.20 4.03
0.95 0.59 -3.20 2.15
0.98 0.59 -3.20 24.68
1.00 0.59 -3.20 14.26
1.03 0.59 -3.20 7.88
1.05 0.59 -3.20 12.29
1.08 0.59 -3.20 70.99
1.10 0.59 -3.20 4.47
1.12 0.59 -3.20 104.85
1.15 0.59 -3.20 7.67
1.18 0.59 -3.20 92.58
0.80 0.62 -3.20 5.37
0.82 0.62 -3.20 12.67
0.85 0.62 -3.20 92.13
0.88 0.62 -3.20 4.43
0.90 0.62 -3.20 1.83
0.93 0.62 -3.20 6.07
0.95 0.62 -3.20 5.61
0.98 0.62 -3.20 45.45
1.00 0.62 -3.20 2.48
1.03 0.62 -3.20 4.78
1.05 0.62 -3.20 7.33
1.08 0.62 -3.20 32.86
1.10 0.62 -3.20 13.22
1.12 0.62 -3.20 4.37
1.15 0.62 -3.20 4.93
1.18 0.62 -3.20 47.09
0.80 0.66 -3.20 17.49
0.82 0.66 -3.20 1.97
0.85 0.66 -3.20 2.64
0.88 0.66 -3.20 4.71
0.90 0.66 -3.20 7.04
0.93 0.66 -3.20 4.40
0.95 0.66 -3.20 9.53
0.98 0.66 -3.20 15.16
1.00 0.66 -3.20 4.25
1.03 0.66 -3.20 2.83
1.05 0.66 -3.20 2.77
1.08 0.66 -3.20 64.79
1.10 0.66 -3.20 20.71
1.12 0.66 -3.20 117.26
1.15 0.66 -3.20 4.05
1.18 0.66 -3.20 6.28
0.80 0.10 -3.08 3348.82
0.82 0.10 -3.08 696.22
0.85 0.10 -3.08 975.85
0.88 0.10 -3.08 1856.20
0.90 0.10 -3.08 1170.62
0.93 0.10 -3.08 891.52
0.95 0.10 -3.08 5309.70
0.98 0.10 -3.08 1987.37
1.00 0.10 -3.08 1669.50
1.03 0.10 -3.08 1116.37
1.05 0.10 -3.08 1276.13
1.08 0.10 -3.08 3961.70
1.10 0.10 -3.08 2978.16
1.12 0.10 -3.08 7891.58
1.15 0.10 -3.08 21861.01
1.18 0.10 -3.08 2061.93
0.80 0.14 -3.08 614.27
0.82 0.14 -3.08 399.57
0.85 0.14 -3.08 420.03
0.88 0.14 -3.08 795.10
0.90 0.14 -3.08 2108.88
0.93 0.14 -3.08 699.99
0.95 0.14 -3.08 2623.93
0.98 0.14 -3.08 425.14
1.00 0.14 -3.08 4244.08
1.03 0.14 -3.08 508.61
1.05 0.14 -3.08 1762.11
1.08 0.14 -3.08 860.35
1.10 0.14 -3.08 907.76
1.12 0.14 -3.08 417.91
1.15 0.14 -3.08 1220.42
1.18 0.14 -3.08 1626.72
0.80 0.17 -3.08 73.69
0.82 0.17 -3.08 651.76
0.85 0.17 -3.08 725.82
0.88 0.17 -3.08 417.70
0.90 0.17 -3.08 322.49
0.93 0.17 -3.08 1152.87
0.95 0.17 -3.08 185.10
0.98 0.17 -3.08 1005.19
1.00 0.17 -3.08 260.75
1.03 0.17 -3.08 461.70
1.05 0.17 -3.08 957.31
1.08 0.17 -3.08 328.85
1.10 0.17 -3.08 1489.02
1.12 0.17 -3.08 1686.33
1.15 0.17 -3.08 1013.54
1.18 0.17 -3.08 460.25
0.80 0.21 -3.08 426.87
0.82 0.21 -3.08 634.88
0.85 0.21 -3.08 371.61
0.88 0.21 -3.08 173.05
0.90 0.21 -3.08 411.77
0.93 0.21 -3.08 251.54
0.95 0.21 -3.08 129.68
0.98 0.21 -3.08 1010.14
1.00 0.21 -3.08 243.46
1.03 0.21 -3.08 878.05
1.05 0.21 -3.08 216.67
1.08 0.21 -3.08 141.57
1.10 0.21 -3.08 494.56
1.12 0.21 -3.08 155.63
1.15 0.21 -3.08 164.77
1.18 0.21 -3.08 604.55
0.80 0.25 -3.08 100.29
0.82 0.25 -3.08 26.35
0.85 0.25 -3.08 32.81
0.88 0.25 -3.08 113.05
0.90 0.25 -3.08 79.98
0.93 0.25 -3.08 276.96
0.95 0.25 -3.08 91.22
0.98 0.25 -3.08 42.96
1.00 0.25 -3.08 196.85
1.03 0.25 -3.08 87.04
1.05 0.25 -3.08 598.27
1.08 0.25 -3.08 4981.49
1.10 0.25 -3.08 360.78
1.12 0.25 -3.08 95.49
1.15 0.25 -3.08 62.83
1.18 0.25 -3.08 1790.62
0.80 0.29 -3.08 42.98
0.82 0.29 -3.08 321.48
0.85 0.29 -3.08 59.09
0.88 0.29 -3.08 88.85
0.90 0.29 -3.08 48.99
0.93 0.29 -3.08 118.12
0.95 0.29 -3.08 75.37
0.98 0.29 -3.08 338.34
1.00 0.29 -3.08 78.53
1.03 0.29 -3.08 207.30
1.05 0.29 -3.08 567.21
1.08 0.29 -3.08 249.50
1.10 0.29 -3.08 339.13
1.12 0.29 -3.08 211.45
1.15 0.29 -3.08 101.55
1.18 0.29 -3.08 196.67
0.80 0.32 -3.08 289.68
0.82 0.32 -3.08 127.09
0.85 0.32 -3.08 52.13
0.88 0.32 -3.08 185.19
0.90 0.32 -3.08 28.24
0.93 0.32 -3.08 13.10
0.95 0.32 -3.08 127.43
0.98 0.32 -3.08 71.58
1.00 0.32 -3.08 76.47
1.03 0.32 -3.08 1389.90
1.05 0.32 -3.08 100.24
1.08 0.32 -3.08 118.17
1.10 0.32 -3.08 3178.02
1.12 0.32 -3.08 182.15
1.15 0.32 -3.08 52.55
1.18 0.32 -3.08 430.23
0.80 0.36 -3.08 6.53
0.82 0.36 -3.08 99.45
0.85 0.36 -3.08 93.20
0.88 0.36 -3.08 98.77
0.90 0.36 -3.08 143.99
0.93 0.36 -3.08 155.73
0.95 0.36 -3.08 11.90
0.98 0.36 -3.08 120.10
1.00 0.36 -3.08 865.19
1.03 0.36 -3.08 47.67
1.05 0.36 -3.08 55.51
1.08 0.36 -3.08 277.23
1.10 0.36 -3.08 21.31
1.12 0.36 -3.08 501.47
1.15 0.36 -3.08 182.92
1.18 0.36 -3.08 622.59
0.80 0.40 -3.08 42.09
0.82 0.40 -3.08 576.05
0.85 0.40 -3.08 8.91
0.88 0.40 -3.08 104.82
0.90 0.40 -3.08 32.77
0.93 0.40 -3.08 172.04
0.95 0.40 -3.08 3.40
0.98 0.40 -3.08 9.71
1.00 0.40 -3.08 56.84
1.03 0.40 -3.08 31.47
1.05 0.40 -3.08 12.18
1.08 0.40 -3.08 51.10
1.10 0.40 -3.08 301.91
1.12 0.40 -3.08 504.68
1.15 0.40 -3.08 174.83
1.18 0.40 -3.08 40.06
0.80 0.44 -3.08 21.60
0.82 0.44 -3.08 13.41
0.85 0.44 -3.08 31.18
0.88 0.44 -3.08 72.91
0.90 0.44 -3.08 19.89
0.93 0.44 -3.08 10.73
0.95 0.44 -3.08 27.16
0.98 0.44 -3.08 5.04
1.00 0.44 -3.08 48.54
1.03 0.44 -3.08 8.78
1.05 0.44 -3.08 39.84
1.08 0.44 -3.08 48.90
1.10 0.44 -3.08 17.66
1.12 0.44 -3.08 12.27
1.15 0.44 -3.08 10.24
1.18 0.44 -3.08 104.53
0.80 0.47 -3.08 3.55
0.82 0.47 -3.08 17.68
0.85 0.47 -3.08 4.12
0.88 0.47 -3.08 27.85
0.90 0.47 -3.08 41.42
0.93 0.47 -3.08 11.95
0.95 0.47 -3.08 32.96
0.98 0.47 -3.08 12.22
1.00 0.47 -3.08 14.59
1.03 0.47 -3.08 8.69
1.05 0.47 -3.08 13.34
1.08 0.47 -3.08 171.97
1.10 0.47 -3.08 97.01
1.12 0.47 -3.08 20.75
1.15 0.47 -3.08 7.42
1.18 0.47 -3.08 123.40
0.80 0.51 -3.08 11.87
0.82 0.51 -3.08 29.95
0.85 0.51 -3.08 49.77
0.88 0.51 -3.08 3.73
0.90 0.51 -3.08 27.34
0.93 0.51 -3.08 12.51
0.95 0.51 -3.08 176.72
0.98 0.51 -3.08 2.55
1.00 0.51 -3.08 2.94
1.03 0.51 -3.08 5.40
1.05 0.51 -3.08 31.79
1.08 0.51 -3.08 6.48
1.10 0.51 -3.08 2.44
1.12 0.51 -3.08 61.29
1.15 0.51 -3.08 251.00
1.18 0.51 -3.08 82.85
0.80 0.55 -3.08 6.76
0.82 0.55 -3.08 10.02
0.85 0.55 -3.08 7.73
0.88 0.55 -3.08 23.88
0.90 0.55 -3.08 12.06
0.93 0.55 -3.08 2.81
0.95 0.55 -3.08 46.77
0.98 0.55 -3.08 115.92
1.00 0.55 -3.08 14.54
1.03 0.55 -3.08 3.60
1.05 0.55 -3.08 18.69
1.08 0.55 -3.08 5.79
1.10 0.55 -3.08 2.13
1.12 0.55 -3.08 10.35
1.15 0.55 -3.08 17.22
1.18 0.55 -3.08 231.90
0.80 0.59 -3.08 52.78
0.82 0.59 -3.08 4.43
0.85 0.59 -3.08 2.72
0.88 0.59 -3.08 12.62
0.90 0.59 -3.08 96.02
0.93 0.59 -3.08 2.26
0.95 0.59 -3.08 14.85
0.98 0.59 -3.08 47.64
1.00 0.59 -3.08 46.06
1.03 0.59 -3.08 32.44
1.05 0.59 -3.08 27.27
1.08 0.59 -3.08 9.32
1.10 0.59 -3.08 6.07
1.12 0.59 -3.08 9.70
1.15 0.59 -3.08 8.37
1.18 0.59 -3.08 11.63
0.80 0.62 -3.08 15.48
0.82 0.62 -3.08 3.30
0.85 0.62 -3.08 48.80
0.88 0.62 -3.08 8.07
0.90 0.62 -3.08 3.41
0.93 0.62 -3.08 3.86
0.95 0.62 -3.08 1.81
0.98 0.62 -3.08 11.30
1.00 0.62 -3.08 2.12
1.03 0.62 -3.08 141.82
1.05 0.62 -3.08 3.99
1.08 0.62 -3.08 21.69
1.10 0.62 -3.08 3.79
1.12 0.62 -3.08 4.41
1.15 0.62 -3.08 36.75
1.18 0.62 -3.08 2.92
0.80 0.66 -3.08 3.82
0.82 0.66 -3.08 3.90
0.85 0.66 -3.08 5.73
0.88 0.66 -3.08 2.31
0.90 0.66 -3.08 9.06
0.93 0.66 -3.08 13.54
0.95 0.66 -3.08 9.70
0.98 0.66 -3.08 12.08
1.00 0.66 -3.08 3.11
1.03 0.66 -3.08 8.40
1.05 0.66 -3.08 2.80
1.08 0.66 -3.08 4.82
1.10 0.66 -3.08 16.97
1.12 0.66 -3.08 2.76
1.15 0.66 -3.08 7.37
1.18 0.66 -3.08 3.32
0.80 0.10 -2.95 1055.27
0.82 0.10 -2.95 914.12
0.85 0.10 -2.95 1296.10
0.88 0.10 -2.95 401.57
0.90 0.10 -2.95 1173.51
0.93 0.10 -2.95 4888.43
0.95 0.10 -2.95 431.22
0.98 0.10 -2.95 1376.55
1.00 0.10 -2.95 4259.81
1.03 0.10 -2.95 6820.39
1.05 0.10 -2.95 13410.85
1.08 0.10 -2.95 2813.12
1.10 0.10 -2.95 3671.57
1.12 0.10 -2.95 2474.04
1.15 0.10 -2.95 3672.61
1.18 0.10 -2.95 5827.79
0.80 0.14 -2.95 826.88
0.82 0.14 -2.95 134.54
0.85 0.14 -2.95 298.53
0.88 0.14 -2.95 517.77
0.90 0.14 -2.95 382.10
0.93 0.14 -2.95 1764.43
0.95 0.14 -2.95 329.05
0.98 0.14 -2.95 366.63
1.00 0.14 -2.95 2792.74
1.03 0.14 -2.95 16346.74
1.05 0.14 -2.95 4266.22
1.08 0.14 -2.95 282.60
1.10 0.14 -2.95 1609.07
1.12 0.14 -2.95 2077.65
1.15 0.14 -2.95 3554.47
1.18 0.14 -2.95 2192.13
0.80 0.17 -2.95 87.67
0.82 0.17 -2.95 308.45
0.85 0.17 -2.95 89.02
0.88 0.17 -2.95 1030.24
0.90 0.17 -2.95 351.48
0.93 0.17 -2.95 155.97
0.95 0.17 -2.95 261.81
0.98 0.17 -2.95 259.46
1.00 0.17 -2.95 825.66
1.03 0.17 -2.95 412.28
1.05 0.17 -2.95 1083.44
1.08 0.17 -2.95 252.96
1.10 0.17 -2.95 716.11
1.12 0.17 -2.95 936.04
1.15 0.17 -2.95 754.39
1.18 0.17 -2.95 880.95
0.80 0.21 -2.95 204.31
0.82 0.21 -2.95 273.89
0.85 0.21 -2.95 38.85
0.88 0.21 -2.95 674.73
0.90 0.21 -2.95 3868.18
0.93 0.21 -2.95 390.57
0.95 0.21 -2.95 91.33
0.98 0.21 -2.95 482.41
1.00 0.21 -2.95 116.64
1.03 0.21 -2.95 412.12
1.05 0.21 -2.95 283.91
1.08 0.21 -2.95 931.91
1.10 0.21 -2.95 16857.70
1.12 0.21 -2.95 1392.70
1.15 0.21 -2.95 263.81
1.18 0.21 -2.95 1042.77
0.80 0.25 -2.95 259.36
0.82 0.25 -2.95 48.61
0.85 0.25 -2.95 142.51
0.88 0.25 -2.95 61.66
0.90 0.25 -2.95 69.87
0.93 0.25 -2.95 197.05
0.95 0.25 -2.95 43.14
0.98 0.25 -2.95 202.48
1.00 0.25 -2.95 1107.30
1.03 0.25 -2.95 31.05
1.05 0.25 -2.95 225.28
1.08 0.25 -2.95 38.22
1.10 0.25 -2.95 141.43
1.12 0.25 -2.95 103.37
1.15 0.25 -2.95 474.14
1.18 0.25 -2.95 442.64
0.80 0.29 -2.95 92.43
0.82 0.29 -2.95 27.20
0.85 0.29 -2.95 13.22
0.88 0.29 -2.95 107.57
0.90 0.29 -2.95 399.56
0.93 0.29 -2.95 68.09
0.95 0.29 -2.95 84.39
0.98 0.29 -2.95 39.01
1.00 0.29 -2.95 1609.34
1.03 0.29 -2.95 90.46
1.05 0.29 -2.95 206.97
1.08 0.29 -2.95 325.43
1.10 0.29 -2.95 189.27
1.12 0.29 -2.95 35.94
1.15 0.29 -2.95 244.59
1.18 0.29 -2.95 610.86
0.80 0.32 -2.95 37.95
0.82 0.32 -2.95 11.33
0.85 0.32 -2.95 45.42
0.88 0.32 -2.95 169.16
0.90 0.32 -2.95 103.40
0.93 0.32 -2.95 279.30
0.95 0.32 -2.95 44.56
0.98 0.32 -2.95 39.17
1.00 0.32 -2.95 97.13
1.03 0.32 -2.95 205.28
1.05 0.32 -2.95 101.94
1.08 0.32 -2.95 256.11
1.10 0.32 -2.95 292.31
1.12 0.32 -2.95 233.83
1.15 0.32 -2.95 35.03
1.18 0.32 -2.95 252.24
0.80 0.36 -2.95 16.67
0.82 0.36 -2.95 43.55
0.85 0.36 -2.95 7.90
0.88 0.36 -2.95 84.12
0.90 0.36 -2.95 4.52
0.93 0.36 -2.95 57.63
0.95 0.36 -2.95 52.40
0.98 0.36 -2.95 258.96
1.00 0.36 -2.95 82.17
1.03 0.36 -2.95 432.59
1.05 0.36 -2.95 8.26
1.08 0.36 -2.95 316.56
1.10 0.36 -2.95 26.40
1.12 0.36 -2.95 78.57
1.15 0.36 -2.95 130.99
1.18 0.36 -2.95 9.31
0.80 0.40 -2.95 4.07
0.82 0.40 -2.95 84.93
0.85 0.40 -2.95 3.70
0.88 0.40 -2.95 5.27
0.90 0.40 -2.95 57.06
0.93 0.40 -2.95 30.37
0.95 0.40 -2.95 5.30
0.98 0.40 -2.95 21.64
1.00 0.40 -2.95 5.93
1.03 0.40 -2.95 352.00
1.05 0.40 -2.95 31.63
1.08 0.40 -2.95 35.70
1.10 0.40 -2.95 129.68
1.12 0.40 -2.95 31.84
1.15 0.40 -2.95 121.18
1.18 0.40 -2.95 20.28
0.80 0.44 -2.95 2.68
0.82 0.44 -2.95 17.57
0.85 0.44 -2.95 83.21
0.88 0.44 -2.95 33.17
0.90 0.44 -2.95 3.45
0.93 0.44 -2.95 63.19
0.95 0.44 -2.95 7.97
0.98 0.44 -2.95 54.99
1.00 0.44 -2.95 79.08
1.03 0.44 -2.95 7.13
1.05 0.44 -2.95 101.37
1.08 0.44 -2.95 113.76
1.10 0.44 -2.95 20.69
1.12 0.44 -2.95 14.57
1.15 0.44 -2.95 49.62
1.18 0.44 -2.95 56.13
0.80 0.47 -2.95 3.76
0.82 0.47 -2.95 3.33
0.85 0.47 -2.95 95.87
0.88 0.47 -2.95 6.83
0.90 0.47 -2.95 3.63
0.93 0.47 -2.95 4.71
0.95 0.47 -2.95 4.44
0.98 0.47 -2.95 12.01
1.00 0.47 -2.95 106.57
1.03 0.47 -2.95 16.62
1.05 0.47 -2.95 14.01
1.08 0.47 -2.95 14.96
1.10 0.47 -2.95 4.66
1.12 0.47 -2.95 34.78
1.15 0.47 -2.95 9.49
1.18 0.47 -2.95 9.64
0.80 0.51 -2.95 5.83
0.82 0.51 -2.95 22.43
0.85 0.51 -2.95 3.04
0.88 0.51 -2.95 5.25
0.90 0.51 -2.95 41.29
0.93 0.51 -2.95 2.96
0.95 0.51 -2.95 3.55
0.98 0.51 -2.95 8.65
1.00 0.51 -2.95 26.59
1.03 0.51 -2.95 132.66
1.05 0.51 -2.95 90.85
1.08 0.51 -2.95 35.10
1.10 0.51 -2.95 444.37
1.12 0.51 -2.95 4.17
1.15 0.51 -2.95 26.89
1.18 0.51 -2.95 25.05
0.80 0.55 -2.95 31.39
0.82 0.55 -2.95 2.75
0.85 0.55 -2.95 6.68
0.88 0.55 -2.95 12.13
0.90 0.55 -2.95 5.19
0.93 0.55 -2.95 9.60
0.95 0.55 -2.95 2.79
0.98 0.55 -2.95 28.88
1.00 0.55 -2.95 4.01
1.03 0.55 -2.95 95.93
1.05 0.55 -2.95 27.08
1.08 0.55 -2.95 9.84
1.10 0.55 -2.95 26.69
1.12 0.55 -2.95 4.90
1.15 0.55 -2.95 56.79
1.18 0.55 -2.95 3.67
0.80 0.59 -2.95 1.74
0.82 0.59 -2.95 10.07
0.85 0.59 -2.95 66.25
0.88 0.59 -2.95 4.47
0.90 0.59 -2.95 3.76
0.93 0.59 -2.95 22.11
0.95 0.59 -2.95 24.68
0.98 0.59 -2.95 30.82
1.00 0.59 -2.95 6.69
1.03 0.59 -2.95 2.90
1.05 0.59 -2.95 17.38
1.08 0.59 -2.95 2.91
1.10 0.59 -2.95 18.31
1.12 0.59 -2.95 76.44
1.15 0.59 -2.95 6.85
1.18 0.59 -2.95 20.28
0.80 0.62 -2.95 6.27
0.82 0.62 -2.95 2.22
0.85 0.62 -2.95 2.90
0.88 0.62 -2.95 19.11
0.90 0.62 -2.95 3.33
0.93 0.62 -2.95 6.63
0.95 0.62 -2.95 13.70
0.98 0.62 -2.95 4.20
1.00 0.62 -2.95 4.23
1.03 0.62 -2.95 2.26
1.05 0.62 -2.95 7.11
1.08 0.62 -2.95 104.67
1.10 0.62 -2.95 7.17
1.12 0.62 -2.95 7.67
1.15 0.62 -2.95 2.71
1.18 0.62 -2.95 3.95
0.80 0.66 -2.95 13.51
0.82 0.66 -2.95 1.32
0.85 0.66 -2.95 4.63
0.88 0.66 -2.95 3.28
0.90 0.66 -2.95 2.75
0.93 0.66 -2.95 7.81
0.95 0.66 -2.95 7.04
0.98 0.66 -2.95 2.03
1.00 0.66 -2.95 1.97
1.03 0.66 -2.95 2.48
1.05 0.66 -2.95 5.11
1.08 0.66 -2.95 2.24
1.10 0.66 -2.95 22.54
1.12 0.66 -2.95 14.20
1.15 0.66 -2.95 7.14
1.18 0.66 -2.95 2.12
0.80 0.10 -2.83 1480.08
0.82 0.10 -2.83 137.79
0.85 0.10 -2.83 1008.64
0.88 0.10 -2.83 1504.64
0.90 0.10 -2.83 644.63
0.93 0.10 -2.83 519.94
0.95 0.10 -2.83 6534.39
0.98 0.10 -2.83 1215.81
1.00 0.10 -2.83 1867.18
1.03 0.10 -2.83 1525.79
1.05 0.10 -2.83 1262.30
1.08 0.10 -2.83 7768.71
1.10 0.10 -2.83 14772.60
1.12 0.10 -2.83 1166.48
1.15 0.10 -2.83 149817.30
1.18 0.10 -2.83 1585.57
0.80 0.14 -2.83 285.59
0.82 0.14 -2.83 708.92
0.85 0.14 -2.83 4089.62
0.88 0.14 -2.83 389.78
0.90 0.14 -2.83 265.69
0.93 0.14 -2.83 555.19
0.95 0.14 -2.83 349.62
0.98 0.14 -2.83 1147.74
1.00 0.14 -2.83 366.98
1.03 0.14 -2.83 748.10
1.05 0.14 -2.83 3404.49
1.08 0.14 -2.83 1256.57
1.10 0.14 -2.83 317.54
1.12 0.14 -2.83 811.64
1.15 0.14 -2.83 1024.46
1.18 0.14 -2.83 16518.67
0.80 0.17 -2.83 495.29
0.82 0.17 -2.83 167.43
0.85 0.17 -2.83 117.13
0.88 0.17 -2.83 811.67
0.90 0.17 -2.83 1689.98
0.93 0.17 -2.83 585.51
0.95 0.17 -2.83 736.20
0.98 0.17 -2.83 760.74
1.00 0.17 -2.83 1050.86
1.03 0.17 -2.83 933.64
1.05 0.17 -2.83 169.24
1.08 0.17 -2.83 1425.52
1.10 0.17 -2.83 22892.73
1.12 0.17 -2.83 3794.06
1.15 0.17 -2.83 13407.23
1.18 0.17 -2.83 2477.59
0.80 0.21 -2.83 252.10
0.82 0.21 -2.83 57.26
0.85 0.21 -2.83 348.85
0.88 0.21 -2.83 143.29
0.90 0.21 -2.83 160.58
0.93 0.21 -2.83 192.29
0.95 0.21 -2.83 212.16
0.98 0.21 -2.83 204.90
1.00 0.21 -2.83 326.02
1.03 0.21 -2.83 304.32
1.05 0.21 -2.83 289.78
1.08 0.21 -2.83 327.98
1.10 0.21 -2.83 366.46
1.12 0.21 -2.83 862.33
1.15 0.21 -2.83 472.63
1.18 0.21 -2.83 345.11
0.80 0.25 -2.83 34.76
0.82 0.25 -2.83 2625.27
0.85 0.25 -2.83 67.72
0.88 0.25 -2.83 137.62
0.90 0.25 -2.83 168.37
0.93 0.25 -2.83 85.86
0.95 0.25 -2.83 90.25
0.98 0.25 -2.83 43.22
1.00 0.25 -2.83 719.23
1.03 0.25 -2.83 35.86
1.05 0.25 -2.83 759.47
1.08 0.25 -2.83 650.01
1.10 0.25 -2.83 299.24
1.12 0.25 -2.83 441.35
1.15 0.25 -2.83 193.11
1.18 0.25 -2.83 3964.24
0.80 0.29 -2.83 61.30
0.82 0.29 -2.83 56.68
0.85 0.29 -2.83 86.06
0.88 0.29 -2.83 275.29
0.90 0.29 -2.83 64.20
0.93 0.29 -2.83 33.51
0.95 0.29 -2.83 195.11
0.98 0.29 -2.83 102.89
1.00 0.29 -2.83 443.14
1.03 0.29 -2.83 236.39
1.05 0.29 -2.83 262.06
1.08 0.29 -2.83 66.06
1.10 0.29 -2.83 98.69
1.12 0.29 -2.83 257.90
1.15 0.29 -2.83 181.36
1.18 0.29 -2.83 452.02
0.80 0.32 -2.83 65.93
0.82 0.32 -2.83 8.78
0.85 0.32 -2.83 21.79
0.88 0.32 -2.83 28.39
0.90 0.32 -2.83 270.15
0.93 0.32 -2.83 29.29
0.95 0.32 -2.83 103.66
0.98 0.32 -2.83 35.70
1.00 0.32 -2.83 141.06
1.03 0.32 -2.83 109.34
1.05 0.32 -2.83 131.16
1.08 0.32 -2.83 222.13
1.10 0.32 -2.83 564.95
1.12 0.32 -2.83 44.69
1.15 0.32 -2.83 66.92
1.18 0.32 -2.83 58.53
0.80 0.36 -2.83 43.22
0.82 0.36 -2.83 4.53
0.85 0.36 -2.83 26.72
0.88 0.36 -2.83 6.77
0.90 0.36 -2.83 275.00
0.93 0.36 -2.83 20.82
0.95 0.36 -2.83 11.14
0.98 0.36 -2.83 87.31
1.00 0.36 -2.83 67.26
1.03 0.36 -2.83 19.09
1.05 0.36 -2.83 78.15
1.08 0.36 -2.83 235.51
1.10 0.36 -2.83 18.27
1.12 0.36 -2.83 32.90
1.15 0.36 -2.83 33.04
1.18 0.36 -2.83 89.71
0.80 0.40 -2.83 22.90
0.82 0.40 -2.83 39.93
0.85 0.40 -2.83 3.10
0.88 0.40 -2.83 24.97
0.90 0.40 -2.83 22.31
0.93 0.40 -2.83 26.71
0.95 0.40 -2.83 76.72
0.98 0.40 -2.83 8.50
1.00 0.40 -2.83 69.85
1.03 0.40 -2.83 18.12
1.05 0.40 -2.83 39.79
1.08 0.40 -2.83 13.66
1.10 0.40 -2.83 28.99
1.12 0.40 -2.83 115.03
1.15 0.40 -2.83 59.75
1.18 0.40 -2.83 12.19
0.80 0.44 -2.83 2.26
0.82 0.44 -2.83 248.64
0.85 0.44 -2.83 34.81
0.88 0.44 -2.83 14.43
0.90 0.44 -2.83 4.43
0.93 0.44 -2.83 66.82
0.95 0.44 -2.83 57.89
0.98 0.44 -2.83 106.89
1.00 0.44 -2.83 1.90
1.03 0.44 -2.83 153.75
1.05 0.44 -2.83 237.67
1.08 0.44 -2.83 15.80
1.10 0.44 -2.83 124.82
1.12 0.44 -2.83 32.26
1.15 0.44 -2.83 11.26
1.18 0.44 -2.83 52.62
0.80 0.47 -2.83 3.34
0.82 0.47 -2.83 12.22
0.85 0.47 -2.83 8.20
0.88 0.47 -2.83 7.37
0.90 0.47 -2.83 7.56
0.93 0.47 -2.83 6.79
0.95 0.47 -2.83 8.46
0.98 0.47 -2.83 3.88
1.00 0.47 -2.83 103.80
1.03 0.47 -2.83 21.76
1.05 0.47 -2.83 3.99
1.08 0.47 -2.83 278.72
1.10 0.47 -2.83 73.05
1.12 0.47 -2.83 16.45
1.15 0.47 -2.83 83.35
1.18 0.47 -2.83 66.01
0.80 0.51 -2.83 5.26
0.82 0.51 -2.83 6.02
0.85 0.51 -2.83 6.65
0.88 0.51 -2.83 5.18
0.90 0.51 -2.83 2.32
0.93 0.51 -2.83 26.40
0.95 0.51 -2.83 6.01
0.98 0.51 -2.83 1.66
1.00 0.51 -2.83 30.00
1.03 0.51 -2.83 28.34
1.05 0.51 -2.83 5.94
1.08 0.51 -2.83 50.17
1.10 0.51 -2.83 5.28
1.12 0.51 -2.83 4.57
1.15 0.51 -2.83 49.15
1.18 0.51 -2.83 36.03
0.80 0.55 -2.83 2.06
0.82 0.55 -2.83 5.45
0.85 0.55 -2.83 83.29
0.88 0.55 -2.83 9.05
0.90 0.55 -2.83 11.53
0.93 0.55 -2.83 1.34
0.95 0.55 -2.83 2.09
0.98 0.55 -2.83 49.99
1.00 0.55 -2.83 6.51
1.03 0.55 -2.83 5.08
1.05 0.55 -2.83 149.69
1.08 0.55 -2.83 10.66
1.10 0.55 -2.83 18.25
1.12 0.55 -2.83 11.73
1.15 0.55 -2.83 5.67
1.18 0.55 -2.83 3.30
0.80 0.59 -2.83 1.75
0.82 0.59 -2.83 4.30
0.85 0.59 -2.83 2.46
0.88 0.59 -2.83 40.27
0.90 0.59 -2.83 184.00
0.93 0.59 -2.83 5.09
0.95 0.59 -2.83 3.92
0.98 0.59 -2.83 32.79
1.00 0.59 -2.83 2.67
1.03 0.59 -2.83 2.71
1.05 0.59 -2.83 13.61
1.08 0.59 -2.83 50.46
1.10 0.59 -2.83 21.72
1.12 0.59 -2.83 4.81
1.15 0.59 -2.83 1.44
1.18 0.59 -2.83 1.83
0.80 0.62 -2.83 1.42
0.82 0.62 -2.83 4.23
0.85 0.62 -2.83 3.32
0.88 0.62 -2.83 4.91
0.90 0.62 -2.83 95.16
0.93 0.62 -2.83 5.29
0.95 0.62 -2.83 10.61
0.98 0.62 -2.83 4.27
1.00 0.62 -2.83 3.50
1.03 0.62 -2.83 7.77
1.05 0.62 -2.83 3.56
1.08 0.62 -2.83 3.93
1.10 0.62 -2.83 1.48
1.12 0.62 -2.83 3.27
1.15 0.62 -2.83 23.54
1.18 0.62 -2.83 75.54
0.80 0.66 -2.83 1.50
0.82 0.66 -2.83 4.12
0.85 0.66 -2.83 4.12
0.88 0.66 -2.83 1.51
0.90 0.66 -2.83 1.80
0.93 0.66 -2.83 2.00
0.95 0.66 -2.83 2.98
0.98 0.66 -2.83 13.32
1.00 0.66 -2.83 8.58
1.03 0.66 -2.83 3.09
1.05 0.66 -2.83 6.57
1.08 0.66 -2.83 22.50
1.10 0.66 -2.83 0.86
1.12 0.66 -2.83 3.87
1.15 0.66 -2.83 129.82
1.18 0.66 -2.83 1.73
0.80 0.10 -2.70 319.12
0.82 0.10 -2.70 966.82
0.85 0.10 -2.70 1010.27
0.88 0.10 -2.70 425.84
0.90 0.10 -2.70 1464.81
0.93 0.10 -2.70 249.11
0.95 0.10 -2.70 558.05
0.98 0.10 -2.70 1877.15
1.00 0.10 -2.70 1888.85
1.03 0.10 -2.70 2109.41
1.05 0.10 -2.70 1806.04
1.08 0.10 -2.70 2590.08
1.10 0.10 -2.70 4572.52
1.12 0.10 -2.70 2789.23
1.15 0.10 -2.70 3479.24
1.18 0.10 -2.70 14926.52
0.80 0.14 -2.70 2810.21
0.82 0.14 -2.70 261.40
0.85 0.14 -2.70 204.73
0.88 0.14 -2.70 1000.82
0.90 0.14 -2.70 512.74
0.93 0.14 -2.70 889.53
0.95 0.14 -2.70 154.65
0.98 0.14 -2.70 919.21
1.00 0.14 -2.70 786.27
1.03 0.14 -2.70 6160.90
1.05 0.14 -2.70 1687.15
1.08 0.14 -2.70 336.12
1.10 0.14 -2.70 771.22
1.12 0.14 -2.70 853.22
1.15 0.14 -2.70 1032.39
1.18 0.14 -2.70 4496.92
0.80 0.17 -2.70 586.28
0.82 0.17 -2.70 64.48
0.85 0.17 -2.70 351.00
0.88 0.17 -2.70 840.12
0.90 0.17 -2.70 44.40
0.93 0.17 -2.70 182.05
0.95 0.17 -2.70 624.00
0.98 0.17 -2.70 114.55
1.00 0.17 -2.70 357.96
1.03 0.17 -2.70 518.09
1.05 0.17 -2.70 656.71
1.08 0.17 -2.70 800.01
1.10 0.17 -2.70 563.07
1.12 0.17 -2.70 389.10
1.15 0.17 -2.70 1369.05
1.18 0.17 -2.70 5831.82
0.80 0.21 -2.70 372.88
0.82 0.21 -2.70 854.35
0.85 0.21 -2.70 62.21
0.88 0.21 -2.70 94.51
0.90 0.21 -2.70 66.14
0.93 0.21 -2.70 470.62
0.95 0.21 -2.70 100.45
0.98 0.21 -2.70 87.32
