0.50 0.10 -5.50 66.35
0.56 0.10 -5.50 102.65
0.62 0.10 -5.50 132.43
0.69 0.10 -5.50 210.18
0.75 0.10 -5.50 260.55
0.81 0.10 -5.50 336.97
0.88 0.10 -5.50 418.17
0.94 0.10 -5.50 552.33
1.00 0.10 -5.50 924.63
1.06 0.10 -5.50 1159.35
1.12 0.10 -5.50 1383.86
1.19 0.10 -5.50 2065.79
1.25 0.10 -5.50 2417.92
1.31 0.10 -5.50 3158.90
1.38 0.10 -5.50 4357.56
1.44 0.10 -5.50 5897.68
0.50 0.19 -5.50 21.65
0.56 0.19 -5.50 21.33
0.62 0.19 -5.50 26.57
0.69 0.19 -5.50 42.21
0.75 0.19 -5.50 58.91
0.81 0.19 -5.50 68.35
0.88 0.19 -5.50 110.43
0.94 0.19 -5.50 135.71
1.00 0.19 -5.50 177.57
1.06 0.19 -5.50 390.73
1.12 0.19 -5.50 421.63
1.19 0.19 -5.50 497.40
1.25 0.19 -5.50 604.15
1.31 0.19 -5.50 895.26
1.38 0.19 -5.50 1026.30
1.44 0.19 -5.50 1427.94
0.50 0.28 -5.50 6.69
0.56 0.28 -5.50 9.58
0.62 0.28 -5.50 10.49
0.69 0.28 -5.50 18.98
0.75 0.28 -5.50 25.70
0.81 0.28 -5.50 27.40
0.88 0.28 -5.50 45.48
0.94 0.28 -5.50 55.05
1.00 0.28 -5.50 94.44
1.06 0.28 -5.50 97.35
1.12 0.28 -5.50 173.74
1.19 0.28 -5.50 138.77
1.25 0.28 -5.50 309.60
1.31 0.28 -5.50 268.29
1.38 0.28 -5.50 498.91
1.44 0.28 -5.50 633.96
0.50 0.36 -5.50 4.79
0.56 0.36 -5.50 5.36
0.62 0.36 -5.50 5.93
0.69 0.36 -5.50 7.87
0.75 0.36 -5.50 9.93
0.81 0.36 -5.50 11.95
0.88 0.36 -5.50 18.75
0.94 0.36 -5.50 24.70
1.00 0.36 -5.50 41.08
1.06 0.36 -5.50 42.50
1.12 0.36 -5.50 71.41
1.19 0.36 -5.50 91.43
1.25 0.36 -5.50 104.17
1.31 0.36 -5.50 150.37
1.38 0.36 -5.50 180.88
1.44 0.36 -5.50 245.98
0.50 0.45 -5.50 3.38
0.56 0.45 -5.50 4.77
0.62 0.45 -5.50 3.89
0.69 0.45 -5.50 5.64
0.75 0.45 -5.50 6.46
0.81 0.45 -5.50 9.43
0.88 0.45 -5.50 8.05
0.94 0.45 -5.50 12.99
1.00 0.45 -5.50 16.77
1.06 0.45 -5.50 26.03
1.12 0.45 -5.50 21.85
1.19 0.45 -5.50 42.14
1.25 0.45 -5.50 44.09
1.31 0.45 -5.50 89.92
1.38 0.45 -5.50 107.60
1.44 0.45 -5.50 138.86
0.50 0.54 -5.50 3.44
0.56 0.54 -5.50 3.21
0.62 0.54 -5.50 3.81
0.69 0.54 -5.50 4.00
0.75 0.54 -5.50 4.26
0.81 0.54 -5.50 5.48
0.88 0.54 -5.50 5.60
0.94 0.54 -5.50 7.42
1.00 0.54 -5.50 11.35
1.06 0.54 -5.50 11.15
1.12 0.54 -5.50 9.03
1.19 0.54 -5.50 16.13
1.25 0.54 -5.50 31.19
1.31 0.54 -5.50 43.07
1.38 0.54 -5.50 51.81
1.44 0.54 -5.50 60.54
0.50 0.62 -5.50 3.01
0.56 0.62 -5.50 3.20
0.62 0.62 -5.50 2.79
0.69 0.62 -5.50 3.63
0.75 0.62 -5.50 3.24
0.81 0.62 -5.50 4.06
0.88 0.62 -5.50 4.34
0.94 0.62 -5.50 4.51
1.00 0.62 -5.50 6.46
1.06 0.62 -5.50 9.62
1.12 0.62 -5.50 10.21
1.19 0.62 -5.50 12.94
1.25 0.62 -5.50 21.20
1.31 0.62 -5.50 24.44
1.38 0.62 -5.50 23.32
1.44 0.62 -5.50 41.05
0.50 0.71 -5.50 2.70
0.56 0.71 -5.50 2.91
0.62 0.71 -5.50 3.14
0.69 0.71 -5.50 2.83
0.75 0.71 -5.50 2.96
0.81 0.71 -5.50 2.52
0.88 0.71 -5.50 4.07
0.94 0.71 -5.50 4.59
1.00 0.71 -5.50 5.26
1.06 0.71 -5.50 5.99
1.12 0.71 -5.50 4.74
1.19 0.71 -5.50 7.90
1.25 0.71 -5.50 9.58
1.31 0.71 -5.50 10.84
1.38 0.71 -5.50 17.51
1.44 0.71 -5.50 14.81
0.50 0.80 -5.50 2.65
0.56 0.80 -5.50 2.42
0.62 0.80 -5.50 2.73
0.69 0.80 -5.50 2.75
0.75 0.80 -5.50 3.50
0.81 0.80 -5.50 2.64
0.88 0.80 -5.50 2.73
0.94 0.80 -5.50 3.48
1.00 0.80 -5.50 4.22
1.06 0.80 -5.50 3.89
1.12 0.80 -5.50 7.23
1.19 0.80 -5.50 7.38
1.25 0.80 -5.50 6.67
1.31 0.80 -5.50 17.70
1.38 0.80 -5.50 13.27
1.44 0.80 -5.50 10.71
0.50 0.89 -5.50 2.39
0.56 0.89 -5.50 2.44
0.62 0.89 -5.50 2.53
0.69 0.89 -5.50 2.52
0.75 0.89 -5.50 2.83
0.81 0.89 -5.50 2.66
0.88 0.89 -5.50 2.90
0.94 0.89 -5.50 3.93
1.00 0.89 -5.50 3.34
1.06 0.89 -5.50 3.65
1.12 0.89 -5.50 5.14
1.19 0.89 -5.50 4.20
1.25 0.89 -5.50 5.24
1.31 0.89 -5.50 8.20
1.38 0.89 -5.50 7.53
1.44 0.89 -5.50 7.37
0.50 0.98 -5.50 2.25
0.56 0.98 -5.50 2.25
0.62 0.98 -5.50 2.22
0.69 0.98 -5.50 2.45
0.75 0.98 -5.50 2.47
0.81 0.98 -5.50 2.44
0.88 0.98 -5.50 2.72
0.94 0.98 -5.50 3.16
1.00 0.98 -5.50 4.85
1.06 0.98 -5.50 3.25
1.12 0.98 -5.50 5.07
1.19 0.98 -5.50 3.76
1.25 0.98 -5.50 4.29
1.31 0.98 -5.50 4.30
1.38 0.98 -5.50 6.21
1.44 0.98 -5.50 9.74
0.50 1.06 -5.50 2.45
0.56 1.06 -5.50 2.49
0.62 1.06 -5.50 2.68
0.69 1.06 -5.50 2.70
0.75 1.06 -5.50 2.33
0.81 1.06 -5.50 2.78
0.88 1.06 -5.50 2.60
0.94 1.06 -5.50 2.37
1.00 1.06 -5.50 2.91
1.06 1.06 -5.50 3.40
1.12 1.06 -5.50 3.00
1.19 1.06 -5.50 4.44
1.25 1.06 -5.50 4.65
1.31 1.06 -5.50 4.41
1.38 1.06 -5.50 4.73
1.44 1.06 -5.50 5.58
0.50 1.15 -5.50 2.14
0.56 1.15 -5.50 2.15
0.62 1.15 -5.50 2.43
0.69 1.15 -5.50 2.23
0.75 1.15 -5.50 2.14
0.81 1.15 -5.50 2.52
0.88 1.15 -5.50 2.60
0.94 1.15 -5.50 2.88
1.00 1.15 -5.50 2.62
1.06 1.15 -5.50 3.00
1.12 1.15 -5.50 3.06
1.19 1.15 -5.50 3.26
1.25 1.15 -5.50 3.74
1.31 1.15 -5.50 4.30
1.38 1.15 -5.50 4.24
1.44 1.15 -5.50 5.18
0.50 1.24 -5.50 2.07
0.56 1.24 -5.50 2.31
0.62 1.24 -5.50 2.20
0.69 1.24 -5.50 2.35
0.75 1.24 -5.50 2.25
0.81 1.24 -5.50 2.19
0.88 1.24 -5.50 2.56
0.94 1.24 -5.50 2.36
1.00 1.24 -5.50 2.41
1.06 1.24 -5.50 2.55
1.12 1.24 -5.50 2.78
1.19 1.24 -5.50 3.22
1.25 1.24 -5.50 3.23
1.31 1.24 -5.50 2.75
1.38 1.24 -5.50 3.20
1.44 1.24 -5.50 4.58
0.50 1.33 -5.50 2.17
0.56 1.33 -5.50 2.11
0.62 1.33 -5.50 2.27
0.69 1.33 -5.50 2.33
0.75 1.33 -5.50 2.28
0.81 1.33 -5.50 2.20
0.88 1.33 -5.50 2.24
0.94 1.33 -5.50 2.30
1.00 1.33 -5.50 2.37
1.06 1.33 -5.50 3.17
1.12 1.33 -5.50 2.98
1.19 1.33 -5.50 3.19
1.25 1.33 -5.50 3.32
1.31 1.33 -5.50 4.52
1.38 1.33 -5.50 2.78
1.44 1.33 -5.50 3.21
0.50 1.41 -5.50 2.06
0.56 1.41 -5.50 2.19
0.62 1.41 -5.50 1.94
0.69 1.41 -5.50 2.33
0.75 1.41 -5.50 2.83
0.81 1.41 -5.50 2.14
0.88 1.41 -5.50 2.33
0.94 1.41 -5.50 2.47
1.00 1.41 -5.50 2.91
1.06 1.41 -5.50 2.83
1.12 1.41 -5.50 2.75
1.19 1.41 -5.50 2.84
1.25 1.41 -5.50 2.68
1.31 1.41 -5.50 3.24
1.38 1.41 -5.50 3.51
1.44 1.41 -5.50 4.35
0.50 0.10 -5.18 61.28
0.56 0.10 -5.18 115.73
0.62 0.10 -5.18 128.78
0.69 0.10 -5.18 192.92
0.75 0.10 -5.18 229.40
0.81 0.10 -5.18 342.22
0.88 0.10 -5.18 444.51
0.94 0.10 -5.18 813.79
1.00 0.10 -5.18 901.88
1.06 0.10 -5.18 900.25
1.12 0.10 -5.18 1528.20
1.19 0.10 -5.18 2046.51
1.25 0.10 -5.18 2850.66
1.31 0.10 -5.18 3335.91
1.38 0.10 -5.18 3898.41
1.44 0.10 -5.18 5759.71
0.50 0.19 -5.18 15.56
0.56 0.19 -5.18 21.54
0.62 0.19 -5.18 30.07
0.69 0.19 -5.18 53.39
0.75 0.19 -5.18 61.87
0.81 0.19 -5.18 86.04
0.88 0.19 -5.18 108.49
0.94 0.19 -5.18 186.27
1.00 0.19 -5.18 172.70
1.06 0.19 -5.18 299.59
1.12 0.19 -5.18 327.27
1.19 0.19 -5.18 460.39
1.25 0.19 -5.18 799.41
1.31 0.19 -5.18 731.91
1.38 0.19 -5.18 1118.34
1.44 0.19 -5.18 1663.86
0.50 0.28 -5.18 7.62
0.56 0.28 -5.18 8.35
0.62 0.28 -5.18 11.87
0.69 0.28 -5.18 18.18
0.75 0.28 -5.18 21.70
0.81 0.28 -5.18 35.05
0.88 0.28 -5.18 45.27
0.94 0.28 -5.18 66.42
1.00 0.28 -5.18 71.42
1.06 0.28 -5.18 117.88
1.12 0.28 -5.18 122.16
1.19 0.28 -5.18 217.59
1.25 0.28 -5.18 332.95
1.31 0.28 -5.18 292.24
1.38 0.28 -5.18 471.37
1.44 0.28 -5.18 568.07
0.50 0.36 -5.18 5.25
0.56 0.36 -5.18 5.27
0.62 0.36 -5.18 6.54
0.69 0.36 -5.18 8.33
0.75 0.36 -5.18 10.36
0.81 0.36 -5.18 14.33
0.88 0.36 -5.18 18.37
0.94 0.36 -5.18 26.40
1.00 0.36 -5.18 41.15
1.06 0.36 -5.18 54.78
1.12 0.36 -5.18 75.11
1.19 0.36 -5.18 82.56
1.25 0.36 -5.18 93.23
1.31 0.36 -5.18 113.32
1.38 0.36 -5.18 198.82
1.44 0.36 -5.18 269.50
0.50 0.45 -5.18 3.96
0.56 0.45 -5.18 3.76
0.62 0.45 -5.18 5.03
0.69 0.45 -5.18 5.45
0.75 0.45 -5.18 5.40
0.81 0.45 -5.18 7.81
0.88 0.45 -5.18 8.58
0.94 0.45 -5.18 11.72
1.00 0.45 -5.18 19.32
1.06 0.45 -5.18 17.49
1.12 0.45 -5.18 31.07
1.19 0.45 -5.18 43.23
1.25 0.45 -5.18 46.24
1.31 0.45 -5.18 58.71
1.38 0.45 -5.18 108.18
1.44 0.45 -5.18 109.99
0.50 0.54 -5.18 3.80
0.56 0.54 -5.18 3.47
0.62 0.54 -5.18 3.73
0.69 0.54 -5.18 4.12
0.75 0.54 -5.18 4.75
0.81 0.54 -5.18 5.30
0.88 0.54 -5.18 5.45
0.94 0.54 -5.18 8.43
1.00 0.54 -5.18 9.34
1.06 0.54 -5.18 12.42
1.12 0.54 -5.18 12.55
1.19 0.54 -5.18 19.08
1.25 0.54 -5.18 21.15
1.31 0.54 -5.18 25.45
1.38 0.54 -5.18 39.20
1.44 0.54 -5.18 40.53
0.50 0.62 -5.18 3.56
0.56 0.62 -5.18 2.93
0.62 0.62 -5.18 3.76
0.69 0.62 -5.18 4.36
0.75 0.62 -5.18 4.02
0.81 0.62 -5.18 4.15
0.88 0.62 -5.18 6.47
0.94 0.62 -5.18 7.45
1.00 0.62 -5.18 8.44
1.06 0.62 -5.18 8.43
1.12 0.62 -5.18 7.24
1.19 0.62 -5.18 8.87
1.25 0.62 -5.18 8.99
1.31 0.62 -5.18 23.04
1.38 0.62 -5.18 25.14
1.44 0.62 -5.18 56.29
0.50 0.71 -5.18 2.99
0.56 0.71 -5.18 2.91
0.62 0.71 -5.18 2.65
0.69 0.71 -5.18 2.89
0.75 0.71 -5.18 3.31
0.81 0.71 -5.18 3.57
0.88 0.71 -5.18 3.50
0.94 0.71 -5.18 3.56
1.00 0.71 -5.18 5.57
1.06 0.71 -5.18 6.34
1.12 0.71 -5.18 7.50
1.19 0.71 -5.18 9.18
1.25 0.71 -5.18 8.72
1.31 0.71 -5.18 10.10
1.38 0.71 -5.18 15.65
1.44 0.71 -5.18 19.36
0.50 0.80 -5.18 2.32
0.56 0.80 -5.18 2.69
0.62 0.80 -5.18 3.03
0.69 0.80 -5.18 2.71
0.75 0.80 -5.18 2.90
0.81 0.80 -5.18 2.95
0.88 0.80 -5.18 2.95
0.94 0.80 -5.18 3.62
1.00 0.80 -5.18 4.92
1.06 0.80 -5.18 4.25
1.12 0.80 -5.18 4.88
1.19 0.80 -5.18 7.45
1.25 0.80 -5.18 6.14
1.31 0.80 -5.18 6.63
1.38 0.80 -5.18 11.37
1.44 0.80 -5.18 11.65
0.50 0.89 -5.18 2.52
0.56 0.89 -5.18 2.48
0.62 0.89 -5.18 2.30
0.69 0.89 -5.18 2.50
0.75 0.89 -5.18 2.61
0.81 0.89 -5.18 3.18
0.88 0.89 -5.18 3.57
0.94 0.89 -5.18 3.87
1.00 0.89 -5.18 3.30
1.06 0.89 -5.18 2.87
1.12 0.89 -5.18 4.30
1.19 0.89 -5.18 5.29
1.25 0.89 -5.18 7.85
1.31 0.89 -5.18 4.97
1.38 0.89 -5.18 8.40
1.44 0.89 -5.18 8.01
0.50 0.98 -5.18 2.28
0.56 0.98 -5.18 2.41
0.62 0.98 -5.18 2.50
0.69 0.98 -5.18 2.63
0.75 0.98 -5.18 2.85
0.81 0.98 -5.18 3.29
0.88 0.98 -5.18 2.70
0.94 0.98 -5.18 3.14
1.00 0.98 -5.18 3.20
1.06 0.98 -5.18 3.37
1.12 0.98 -5.18 3.92
1.19 0.98 -5.18 4.91
1.25 0.98 -5.18 3.91
1.31 0.98 -5.18 5.28
1.38 0.98 -5.18 5.99
1.44 0.98 -5.18 5.14
0.50 1.06 -5.18 2.42
0.56 1.06 -5.18 2.21
0.62 1.06 -5.18 2.40
0.69 1.06 -5.18 2.36
0.75 1.06 -5.18 2.58
0.81 1.06 -5.18 2.51
0.88 1.06 -5.18 2.91
0.94 1.06 -5.18 2.63
1.00 1.06 -5.18 2.95
1.06 1.06 -5.18 3.21
1.12 1.06 -5.18 3.01
1.19 1.06 -5.18 3.95
1.25 1.06 -5.18 3.53
1.31 1.06 -5.18 3.30
1.38 1.06 -5.18 7.70
1.44 1.06 -5.18 6.56
0.50 1.15 -5.18 2.41
0.56 1.15 -5.18 2.23
0.62 1.15 -5.18 2.50
0.69 1.15 -5.18 2.51
0.75 1.15 -5.18 2.63
0.81 1.15 -5.18 2.35
0.88 1.15 -5.18 2.99
0.94 1.15 -5.18 2.92
1.00 1.15 -5.18 2.48
1.06 1.15 -5.18 2.94
1.12 1.15 -5.18 2.75
1.19 1.15 -5.18 3.65
1.25 1.15 -5.18 4.29
1.31 1.15 -5.18 3.91
1.38 1.15 -5.18 4.40
1.44 1.15 -5.18 4.32
0.50 1.24 -5.18 2.10
0.56 1.24 -5.18 2.26
0.62 1.24 -5.18 2.48
0.69 1.24 -5.18 2.15
0.75 1.24 -5.18 2.15
0.81 1.24 -5.18 2.33
0.88 1.24 -5.18 2.51
0.94 1.24 -5.18 2.20
1.00 1.24 -5.18 2.61
1.06 1.24 -5.18 3.40
1.12 1.24 -5.18 2.80
1.19 1.24 -5.18 3.12
1.25 1.24 -5.18 3.25
1.31 1.24 -5.18 3.36
1.38 1.24 -5.18 4.12
1.44 1.24 -5.18 4.08
0.50 1.33 -5.18 2.12
0.56 1.33 -5.18 2.21
0.62 1.33 -5.18 2.11
0.69 1.33 -5.18 2.26
0.75 1.33 -5.18 2.73
0.81 1.33 -5.18 2.51
0.88 1.33 -5.18 2.28
0.94 1.33 -5.18 2.26
1.00 1.33 -5.18 2.53
1.06 1.33 -5.18 2.61
1.12 1.33 -5.18 2.45
1.19 1.33 -5.18 3.07
1.25 1.33 -5.18 2.90
1.31 1.33 -5.18 3.66
1.38 1.33 -5.18 3.46
1.44 1.33 -5.18 3.76
0.50 1.41 -5.18 2.32
0.56 1.41 -5.18 2.03
0.62 1.41 -5.18 2.38
0.69 1.41 -5.18 2.18
0.75 1.41 -5.18 2.25
0.81 1.41 -5.18 1.99
0.88 1.41 -5.18 2.16
0.94 1.41 -5.18 2.39
1.00 1.41 -5.18 2.39
1.06 1.41 -5.18 3.28
1.12 1.41 -5.18 2.36
1.19 1.41 -5.18 3.05
1.25 1.41 -5.18 2.82
1.31 1.41 -5.18 3.55
1.38 1.41 -5.18 4.08
1.44 1.41 -5.18 4.97
0.50 0.10 -4.86 69.91
0.56 0.10 -4.86 126.05
0.62 0.10 -4.86 116.60
0.69 0.10 -4.86 167.49
0.75 0.10 -4.86 272.57
0.81 0.10 -4.86 362.68
0.88 0.10 -4.86 483.27
0.94 0.10 -4.86 639.52
1.00 0.10 -4.86 952.33
1.06 0.10 -4.86 1108.39
1.12 0.10 -4.86 1592.35
1.19 0.10 -4.86 1409.21
1.25 0.10 -4.86 2511.63
1.31 0.10 -4.86 4124.26
1.38 0.10 -4.86 5014.40
1.44 0.10 -4.86 5586.02
0.50 0.19 -4.86 18.69
0.56 0.19 -4.86 20.95
0.62 0.19 -4.86 35.71
0.69 0.19 -4.86 44.73
0.75 0.19 -4.86 68.69
0.81 0.19 -4.86 74.90
0.88 0.19 -4.86 103.31
0.94 0.19 -4.86 130.90
1.00 0.19 -4.86 213.28
1.06 0.19 -4.86 269.36
1.12 0.19 -4.86 354.21
1.19 0.19 -4.86 501.66
1.25 0.19 -4.86 799.10
1.31 0.19 -4.86 769.72
1.38 0.19 -4.86 1112.09
1.44 0.19 -4.86 1557.83
0.50 0.28 -4.86 9.01
0.56 0.28 -4.86 10.68
0.62 0.28 -4.86 12.24
0.69 0.28 -4.86 17.41
0.75 0.28 -4.86 20.60
0.81 0.28 -4.86 45.91
0.88 0.28 -4.86 36.51
0.94 0.28 -4.86 50.81
1.00 0.28 -4.86 68.52
1.06 0.28 -4.86 110.96
1.12 0.28 -4.86 134.86
1.19 0.28 -4.86 171.57
1.25 0.28 -4.86 235.96
1.31 0.28 -4.86 271.01
1.38 0.28 -4.86 447.86
1.44 0.28 -4.86 635.12
0.50 0.36 -4.86 4.96
0.56 0.36 -4.86 5.27
0.62 0.36 -4.86 6.06
0.69 0.36 -4.86 8.83
0.75 0.36 -4.86 8.86
0.81 0.36 -4.86 12.58
0.88 0.36 -4.86 24.66
0.94 0.36 -4.86 26.22
1.00 0.36 -4.86 38.78
1.06 0.36 -4.86 42.00
1.12 0.36 -4.86 58.41
1.19 0.36 -4.86 80.75
1.25 0.36 -4.86 146.31
1.31 0.36 -4.86 156.59
1.38 0.36 -4.86 236.12
1.44 0.36 -4.86 299.92
0.50 0.45 -4.86 3.66
0.56 0.45 -4.86 3.71
0.62 0.45 -4.86 4.76
0.69 0.45 -4.86 3.97
0.75 0.45 -4.86 8.15
0.81 0.45 -4.86 6.61
0.88 0.45 -4.86 8.55
0.94 0.45 -4.86 11.03
1.00 0.45 -4.86 19.20
1.06 0.45 -4.86 24.75
1.12 0.45 -4.86 29.76
1.19 0.45 -4.86 50.50
1.25 0.45 -4.86 51.34
1.31 0.45 -4.86 85.78
1.38 0.45 -4.86 75.24
1.44 0.45 -4.86 197.53
0.50 0.54 -4.86 3.17
0.56 0.54 -4.86 3.00
0.62 0.54 -4.86 4.19
0.69 0.54 -4.86 4.49
0.75 0.54 -4.86 4.80
0.81 0.54 -4.86 5.22
0.88 0.54 -4.86 5.46
0.94 0.54 -4.86 6.67
1.00 0.54 -4.86 9.00
1.06 0.54 -4.86 12.01
1.12 0.54 -4.86 15.84
1.19 0.54 -4.86 16.72
1.25 0.54 -4.86 33.96
1.31 0.54 -4.86 27.08
1.38 0.54 -4.86 40.15
1.44 0.54 -4.86 61.15
0.50 0.62 -4.86 3.29
0.56 0.62 -4.86 2.87
0.62 0.62 -4.86 3.02
0.69 0.62 -4.86 3.60
0.75 0.62 -4.86 3.67
0.81 0.62 -4.86 3.65
0.88 0.62 -4.86 4.04
0.94 0.62 -4.86 6.06
1.00 0.62 -4.86 9.25
1.06 0.62 -4.86 12.73
1.12 0.62 -4.86 7.34
1.19 0.62 -4.86 17.94
1.25 0.62 -4.86 19.89
1.31 0.62 -4.86 19.96
1.38 0.62 -4.86 21.60
1.44 0.62 -4.86 42.68
0.50 0.71 -4.86 2.83
0.56 0.71 -4.86 2.80
0.62 0.71 -4.86 3.04
0.69 0.71 -4.86 3.09
0.75 0.71 -4.86 3.60
0.81 0.71 -4.86 3.73
0.88 0.71 -4.86 4.15
0.94 0.71 -4.86 4.62
1.00 0.71 -4.86 6.56
1.06 0.71 -4.86 6.22
1.12 0.71 -4.86 5.84
1.19 0.71 -4.86 8.12
1.25 0.71 -4.86 7.05
1.31 0.71 -4.86 13.71
1.38 0.71 -4.86 11.96
1.44 0.71 -4.86 16.43
0.50 0.80 -4.86 2.62
0.56 0.80 -4.86 2.39
0.62 0.80 -4.86 2.35
0.69 0.80 -4.86 2.95
0.75 0.80 -4.86 2.71
0.81 0.80 -4.86 2.83
0.88 0.80 -4.86 4.32
0.94 0.80 -4.86 4.59
1.00 0.80 -4.86 3.91
1.06 0.80 -4.86 5.23
1.12 0.80 -4.86 5.33
1.19 0.80 -4.86 5.77
1.25 0.80 -4.86 6.48
1.31 0.80 -4.86 6.25
1.38 0.80 -4.86 17.45
1.44 0.80 -4.86 11.57
0.50 0.89 -4.86 2.72
0.56 0.89 -4.86 2.49
0.62 0.89 -4.86 2.39
0.69 0.89 -4.86 2.69
0.75 0.89 -4.86 2.77
0.81 0.89 -4.86 3.62
0.88 0.89 -4.86 3.43
0.94 0.89 -4.86 3.20
1.00 0.89 -4.86 3.65
1.06 0.89 -4.86 3.99
1.12 0.89 -4.86 5.06
1.19 0.89 -4.86 3.92
1.25 0.89 -4.86 5.81
1.31 0.89 -4.86 5.70
1.38 0.89 -4.86 5.95
1.44 0.89 -4.86 8.92
0.50 0.98 -4.86 2.40
0.56 0.98 -4.86 2.39
0.62 0.98 -4.86 2.52
0.69 0.98 -4.86 3.21
0.75 0.98 -4.86 2.53
0.81 0.98 -4.86 3.29
0.88 0.98 -4.86 2.69
0.94 0.98 -4.86 3.30
1.00 0.98 -4.86 3.94
1.06 0.98 -4.86 3.98
1.12 0.98 -4.86 4.81
1.19 0.98 -4.86 3.20
1.25 0.98 -4.86 4.07
1.31 0.98 -4.86 8.01
1.38 0.98 -4.86 6.39
1.44 0.98 -4.86 5.72
0.50 1.06 -4.86 2.27
0.56 1.06 -4.86 2.43
0.62 1.06 -4.86 2.59
0.69 1.06 -4.86 2.58
0.75 1.06 -4.86 2.79
0.81 1.06 -4.86 2.22
0.88 1.06 -4.86 3.16
0.94 1.06 -4.86 3.21
1.00 1.06 -4.86 2.90
1.06 1.06 -4.86 4.26
1.12 1.06 -4.86 3.54
1.19 1.06 -4.86 3.62
1.25 1.06 -4.86 3.70
1.31 1.06 -4.86 5.75
1.38 1.06 -4.86 6.10
1.44 1.06 -4.86 7.11
0.50 1.15 -4.86 2.24
0.56 1.15 -4.86 2.46
0.62 1.15 -4.86 2.46
0.69 1.15 -4.86 2.54
0.75 1.15 -4.86 2.51
0.81 1.15 -4.86 2.24
0.88 1.15 -4.86 2.64
0.94 1.15 -4.86 2.64
1.00 1.15 -4.86 2.71
1.06 1.15 -4.86 3.06
1.12 1.15 -4.86 3.24
1.19 1.15 -4.86 3.05
1.25 1.15 -4.86 3.94
1.31 1.15 -4.86 6.45
1.38 1.15 -4.86 3.96
1.44 1.15 -4.86 5.73
0.50 1.24 -4.86 2.31
0.56 1.24 -4.86 2.27
0.62 1.24 -4.86 2.29
0.69 1.24 -4.86 2.29
0.75 1.24 -4.86 2.37
0.81 1.24 -4.86 2.45
0.88 1.24 -4.86 2.67
0.94 1.24 -4.86 2.96
1.00 1.24 -4.86 2.92
1.06 1.24 -4.86 2.48
1.12 1.24 -4.86 2.76
1.19 1.24 -4.86 2.83
1.25 1.24 -4.86 3.63
1.31 1.24 -4.86 4.11
1.38 1.24 -4.86 4.23
1.44 1.24 -4.86 3.78
0.50 1.33 -4.86 2.28
0.56 1.33 -4.86 2.56
0.62 1.33 -4.86 2.17
0.69 1.33 -4.86 2.31
0.75 1.33 -4.86 2.41
0.81 1.33 -4.86 2.62
0.88 1.33 -4.86 2.46
0.94 1.33 -4.86 2.47
1.00 1.33 -4.86 2.77
1.06 1.33 -4.86 2.66
1.12 1.33 -4.86 3.18
1.19 1.33 -4.86 3.65
1.25 1.33 -4.86 3.17
1.31 1.33 -4.86 3.60
1.38 1.33 -4.86 3.14
1.44 1.33 -4.86 2.99
0.50 1.41 -4.86 2.16
0.56 1.41 -4.86 2.23
0.62 1.41 -4.86 2.37
0.69 1.41 -4.86 2.11
0.75 1.41 -4.86 2.11
0.81 1.41 -4.86 2.32
0.88 1.41 -4.86 2.29
0.94 1.41 -4.86 2.47
1.00 1.41 -4.86 2.55
1.06 1.41 -4.86 2.68
1.12 1.41 -4.86 2.99
1.19 1.41 -4.86 3.12
1.25 1.41 -4.86 3.03
1.31 1.41 -4.86 3.47
1.38 1.41 -4.86 5.05
1.44 1.41 -4.86 2.77
0.50 0.10 -4.54 83.82
0.56 0.10 -4.54 98.99
0.62 0.10 -4.54 132.67
0.69 0.10 -4.54 197.14
0.75 0.10 -4.54 273.05
0.81 0.10 -4.54 339.31
0.88 0.10 -4.54 489.16
0.94 0.10 -4.54 620.97
1.00 0.10 -4.54 909.64
1.06 0.10 -4.54 962.71
1.12 0.10 -4.54 1358.10
1.19 0.10 -4.54 1708.16
1.25 0.10 -4.54 2505.68
1.31 0.10 -4.54 3418.55
1.38 0.10 -4.54 5452.51
1.44 0.10 -4.54 5374.17
0.50 0.19 -4.54 18.48
0.56 0.19 -4.54 22.21
0.62 0.19 -4.54 33.39
0.69 0.19 -4.54 42.22
0.75 0.19 -4.54 68.09
0.81 0.19 -4.54 64.28
0.88 0.19 -4.54 111.20
0.94 0.19 -4.54 121.56
1.00 0.19 -4.54 173.18
1.06 0.19 -4.54 253.44
1.12 0.19 -4.54 413.32
1.19 0.19 -4.54 480.71
1.25 0.19 -4.54 746.33
1.31 0.19 -4.54 910.82
1.38 0.19 -4.54 982.01
1.44 0.19 -4.54 1450.94
0.50 0.28 -4.54 6.56
0.56 0.28 -4.54 7.63
0.62 0.28 -4.54 12.72
0.69 0.28 -4.54 16.02
0.75 0.28 -4.54 20.13
0.81 0.28 -4.54 40.22
0.88 0.28 -4.54 36.34
0.94 0.28 -4.54 68.28
1.00 0.28 -4.54 67.96
1.06 0.28 -4.54 117.52
1.12 0.28 -4.54 121.59
1.19 0.28 -4.54 182.72
1.25 0.28 -4.54 247.55
1.31 0.28 -4.54 276.29
1.38 0.28 -4.54 327.20
1.44 0.28 -4.54 615.62
0.50 0.36 -4.54 4.60
0.56 0.36 -4.54 5.85
0.62 0.36 -4.54 7.11
0.69 0.36 -4.54 9.92
0.75 0.36 -4.54 10.26
0.81 0.36 -4.54 17.45
0.88 0.36 -4.54 21.52
0.94 0.36 -4.54 29.70
1.00 0.36 -4.54 43.00
1.06 0.36 -4.54 50.45
1.12 0.36 -4.54 78.04
1.19 0.36 -4.54 84.36
1.25 0.36 -4.54 148.40
1.31 0.36 -4.54 98.02
1.38 0.36 -4.54 215.59
1.44 0.36 -4.54 194.10
0.50 0.45 -4.54 4.70
0.56 0.45 -4.54 4.14
0.62 0.45 -4.54 4.71
0.69 0.45 -4.54 5.37
0.75 0.45 -4.54 6.24
0.81 0.45 -4.54 6.14
0.88 0.45 -4.54 10.13
0.94 0.45 -4.54 9.13
1.00 0.45 -4.54 15.93
1.06 0.45 -4.54 27.41
1.12 0.45 -4.54 27.35
1.19 0.45 -4.54 57.19
1.25 0.45 -4.54 92.78
1.31 0.45 -4.54 62.37
1.38 0.45 -4.54 119.96
1.44 0.45 -4.54 107.55
0.50 0.54 -4.54 3.36
0.56 0.54 -4.54 3.18
0.62 0.54 -4.54 3.33
0.69 0.54 -4.54 4.69
0.75 0.54 -4.54 4.49
0.81 0.54 -4.54 7.19
0.88 0.54 -4.54 6.79
0.94 0.54 -4.54 7.82
1.00 0.54 -4.54 12.57
1.06 0.54 -4.54 11.94
1.12 0.54 -4.54 16.29
1.19 0.54 -4.54 15.81
1.25 0.54 -4.54 18.47
1.31 0.54 -4.54 27.38
1.38 0.54 -4.54 54.53
1.44 0.54 -4.54 55.46
0.50 0.62 -4.54 3.21
0.56 0.62 -4.54 2.85
0.62 0.62 -4.54 3.27
0.69 0.62 -4.54 4.02
0.75 0.62 -4.54 3.84
0.81 0.62 -4.54 4.35
0.88 0.62 -4.54 6.59
0.94 0.62 -4.54 5.54
1.00 0.62 -4.54 6.42
1.06 0.62 -4.54 9.21
1.12 0.62 -4.54 7.78
1.19 0.62 -4.54 9.67
1.25 0.62 -4.54 19.69
1.31 0.62 -4.54 15.97
1.38 0.62 -4.54 21.25
1.44 0.62 -4.54 30.38
0.50 0.71 -4.54 2.66
0.56 0.71 -4.54 2.82
0.62 0.71 -4.54 3.32
0.69 0.71 -4.54 3.33
0.75 0.71 -4.54 3.72
0.81 0.71 -4.54 3.89
0.88 0.71 -4.54 4.49
0.94 0.71 -4.54 4.94
1.00 0.71 -4.54 4.62
1.06 0.71 -4.54 10.07
1.12 0.71 -4.54 8.25
1.19 0.71 -4.54 9.17
1.25 0.71 -4.54 16.58
1.31 0.71 -4.54 10.36
1.38 0.71 -4.54 16.34
1.44 0.71 -4.54 18.63
0.50 0.80 -4.54 2.91
0.56 0.80 -4.54 2.53
0.62 0.80 -4.54 2.69
0.69 0.80 -4.54 2.90
0.75 0.80 -4.54 3.35
0.81 0.80 -4.54 2.59
0.88 0.80 -4.54 3.31
0.94 0.80 -4.54 3.46
1.00 0.80 -4.54 3.97
1.06 0.80 -4.54 5.95
1.12 0.80 -4.54 5.37
1.19 0.80 -4.54 6.43
1.25 0.80 -4.54 7.16
1.31 0.80 -4.54 7.73
1.38 0.80 -4.54 11.59
1.44 0.80 -4.54 15.11
0.50 0.89 -4.54 2.44
0.56 0.89 -4.54 2.56
0.62 0.89 -4.54 2.55
0.69 0.89 -4.54 3.16
0.75 0.89 -4.54 2.61
0.81 0.89 -4.54 3.85
0.88 0.89 -4.54 3.03
0.94 0.89 -4.54 3.14
1.00 0.89 -4.54 4.89
1.06 0.89 -4.54 4.11
1.12 0.89 -4.54 4.43
1.19 0.89 -4.54 5.60
1.25 0.89 -4.54 5.09
1.31 0.89 -4.54 5.83
1.38 0.89 -4.54 7.75
1.44 0.89 -4.54 7.60
0.50 0.98 -4.54 2.62
0.56 0.98 -4.54 2.29
0.62 0.98 -4.54 2.36
0.69 0.98 -4.54 2.84
0.75 0.98 -4.54 2.56
0.81 0.98 -4.54 2.77
0.88 0.98 -4.54 2.98
0.94 0.98 -4.54 3.49
1.00 0.98 -4.54 4.01
1.06 0.98 -4.54 3.25
1.12 0.98 -4.54 3.94
1.19 0.98 -4.54 3.67
1.25 0.98 -4.54 5.78
1.31 0.98 -4.54 3.49
1.38 0.98 -4.54 6.79
1.44 0.98 -4.54 7.40
0.50 1.06 -4.54 2.59
0.56 1.06 -4.54 2.39
0.62 1.06 -4.54 2.27
0.69 1.06 -4.54 2.41
0.75 1.06 -4.54 2.70
0.81 1.06 -4.54 2.75
0.88 1.06 -4.54 2.53
0.94 1.06 -4.54 2.76
1.00 1.06 -4.54 2.99
1.06 1.06 -4.54 3.04
1.12 1.06 -4.54 3.41
1.19 1.06 -4.54 2.98
1.25 1.06 -4.54 4.81
1.31 1.06 -4.54 4.20
1.38 1.06 -4.54 4.12
1.44 1.06 -4.54 5.22
0.50 1.15 -4.54 2.29
0.56 1.15 -4.54 2.09
0.62 1.15 -4.54 2.55
0.69 1.15 -4.54 2.64
0.75 1.15 -4.54 2.45
0.81 1.15 -4.54 3.16
0.88 1.15 -4.54 2.58
0.94 1.15 -4.54 2.70
1.00 1.15 -4.54 2.93
1.06 1.15 -4.54 2.75
1.12 1.15 -4.54 2.91
1.19 1.15 -4.54 3.49
1.25 1.15 -4.54 3.16
1.31 1.15 -4.54 4.46
1.38 1.15 -4.54 4.60
1.44 1.15 -4.54 5.25
0.50 1.24 -4.54 2.47
0.56 1.24 -4.54 2.26
0.62 1.24 -4.54 2.12
0.69 1.24 -4.54 2.48
0.75 1.24 -4.54 2.70
0.81 1.24 -4.54 2.65
0.88 1.24 -4.54 2.92
0.94 1.24 -4.54 2.53
1.00 1.24 -4.54 3.19
1.06 1.24 -4.54 2.92
1.12 1.24 -4.54 3.79
1.19 1.24 -4.54 2.63
1.25 1.24 -4.54 3.37
1.31 1.24 -4.54 3.64
1.38 1.24 -4.54 4.24
1.44 1.24 -4.54 4.27
0.50 1.33 -4.54 2.32
0.56 1.33 -4.54 2.40
0.62 1.33 -4.54 2.47
0.69 1.33 -4.54 2.26
0.75 1.33 -4.54 1.99
0.81 1.33 -4.54 2.30
0.88 1.33 -4.54 2.54
0.94 1.33 -4.54 2.59
1.00 1.33 -4.54 2.77
1.06 1.33 -4.54 2.98
1.12 1.33 -4.54 2.34
1.19 1.33 -4.54 3.21
1.25 1.33 -4.54 3.15
1.31 1.33 -4.54 3.12
1.38 1.33 -4.54 3.71
1.44 1.33 -4.54 3.96
0.50 1.41 -4.54 2.12
0.56 1.41 -4.54 2.13
0.62 1.41 -4.54 2.29
0.69 1.41 -4.54 2.05
0.75 1.41 -4.54 2.05
0.81 1.41 -4.54 2.35
0.88 1.41 -4.54 2.43
0.94 1.41 -4.54 2.72
1.00 1.41 -4.54 2.39
1.06 1.41 -4.54 2.72
1.12 1.41 -4.54 2.96
1.19 1.41 -4.54 2.53
1.25 1.41 -4.54 2.97
1.31 1.41 -4.54 3.04
1.38 1.41 -4.54 3.05
1.44 1.41 -4.54 3.78
0.50 0.10 -4.22 73.27
0.56 0.10 -4.22 122.69
0.62 0.10 -4.22 105.83
0.69 0.10 -4.22 202.21
0.75 0.10 -4.22 274.54
0.81 0.10 -4.22 324.70
0.88 0.10 -4.22 574.76
0.94 0.10 -4.22 595.69
1.00 0.10 -4.22 928.68
1.06 0.10 -4.22 1208.36
1.12 0.10 -4.22 2089.60
1.19 0.10 -4.22 1880.00
1.25 0.10 -4.22 2807.63
1.31 0.10 -4.22 3464.40
1.38 0.10 -4.22 5624.80
1.44 0.10 -4.22 5744.26
0.50 0.19 -4.22 14.69
0.56 0.19 -4.22 28.62
0.62 0.19 -4.22 30.31
0.69 0.19 -4.22 47.34
0.75 0.19 -4.22 89.57
0.81 0.19 -4.22 89.14
0.88 0.19 -4.22 111.39
0.94 0.19 -4.22 148.18
1.00 0.19 -4.22 175.15
1.06 0.19 -4.22 297.70
1.12 0.19 -4.22 324.85
1.19 0.19 -4.22 424.87
1.25 0.19 -4.22 565.59
1.31 0.19 -4.22 758.84
1.38 0.19 -4.22 1256.58
1.44 0.19 -4.22 1681.19
0.50 0.28 -4.22 7.30
0.56 0.28 -4.22 7.61
0.62 0.28 -4.22 13.22
0.69 0.28 -4.22 17.73
0.75 0.28 -4.22 28.16
0.81 0.28 -4.22 34.72
0.88 0.28 -4.22 39.39
0.94 0.28 -4.22 53.63
1.00 0.28 -4.22 75.66
1.06 0.28 -4.22 107.05
1.12 0.28 -4.22 110.93
1.19 0.28 -4.22 150.71
1.25 0.28 -4.22 249.70
1.31 0.28 -4.22 342.26
1.38 0.28 -4.22 441.54
1.44 0.28 -4.22 720.72
0.50 0.36 -4.22 5.25
0.56 0.36 -4.22 5.45
0.62 0.36 -4.22 7.55
0.69 0.36 -4.22 9.47
0.75 0.36 -4.22 11.94
0.81 0.36 -4.22 13.26
0.88 0.36 -4.22 24.06
0.94 0.36 -4.22 31.17
1.00 0.36 -4.22 34.09
1.06 0.36 -4.22 41.18
1.12 0.36 -4.22 66.11
1.19 0.36 -4.22 142.01
1.25 0.36 -4.22 93.64
1.31 0.36 -4.22 137.11
1.38 0.36 -4.22 182.46
1.44 0.36 -4.22 218.48
0.50 0.45 -4.22 4.02
0.56 0.45 -4.22 4.50
0.62 0.45 -4.22 5.44
0.69 0.45 -4.22 6.08
0.75 0.45 -4.22 7.02
0.81 0.45 -4.22 11.04
0.88 0.45 -4.22 9.27
0.94 0.45 -4.22 13.37
1.00 0.45 -4.22 21.56
1.06 0.45 -4.22 19.23
1.12 0.45 -4.22 36.75
1.19 0.45 -4.22 35.56
1.25 0.45 -4.22 49.89
1.31 0.45 -4.22 76.47
1.38 0.45 -4.22 86.79
1.44 0.45 -4.22 115.27
0.50 0.54 -4.22 3.48
0.56 0.54 -4.22 3.41
0.62 0.54 -4.22 4.72
0.69 0.54 -4.22 3.97
0.75 0.54 -4.22 5.04
0.81 0.54 -4.22 6.12
0.88 0.54 -4.22 5.75
0.94 0.54 -4.22 7.55
1.00 0.54 -4.22 6.94
1.06 0.54 -4.22 12.50
1.12 0.54 -4.22 17.67
1.19 0.54 -4.22 24.46
1.25 0.54 -4.22 22.15
1.31 0.54 -4.22 29.26
1.38 0.54 -4.22 56.23
1.44 0.54 -4.22 106.93
0.50 0.62 -4.22 3.21
0.56 0.62 -4.22 2.89
0.62 0.62 -4.22 3.13
0.69 0.62 -4.22 4.72
0.75 0.62 -4.22 4.66
0.81 0.62 -4.22 4.67
0.88 0.62 -4.22 5.90
0.94 0.62 -4.22 8.45
1.00 0.62 -4.22 8.21
1.06 0.62 -4.22 8.19
1.12 0.62 -4.22 9.96
1.19 0.62 -4.22 12.28
1.25 0.62 -4.22 16.60
1.31 0.62 -4.22 26.94
1.38 0.62 -4.22 25.06
1.44 0.62 -4.22 31.57
0.50 0.71 -4.22 2.72
0.56 0.71 -4.22 3.26
0.62 0.71 -4.22 3.06
0.69 0.71 -4.22 3.17
0.75 0.71 -4.22 3.13
0.81 0.71 -4.22 4.32
0.88 0.71 -4.22 5.58
0.94 0.71 -4.22 4.81
1.00 0.71 -4.22 4.91
1.06 0.71 -4.22 7.70
1.12 0.71 -4.22 5.52
1.19 0.71 -4.22 6.96
1.25 0.71 -4.22 10.05
1.31 0.71 -4.22 8.45
1.38 0.71 -4.22 19.42
1.44 0.71 -4.22 22.34
0.50 0.80 -4.22 2.73
0.56 0.80 -4.22 2.79
0.62 0.80 -4.22 2.71
0.69 0.80 -4.22 3.65
0.75 0.80 -4.22 2.72
0.81 0.80 -4.22 3.06
0.88 0.80 -4.22 4.13
0.94 0.80 -4.22 3.52
1.00 0.80 -4.22 4.05
1.06 0.80 -4.22 5.55
1.12 0.80 -4.22 7.28
1.19 0.80 -4.22 6.86
1.25 0.80 -4.22 5.55
1.31 0.80 -4.22 5.87
1.38 0.80 -4.22 6.10
1.44 0.80 -4.22 9.53
0.50 0.89 -4.22 2.59
0.56 0.89 -4.22 2.45
0.62 0.89 -4.22 2.54
0.69 0.89 -4.22 2.71
0.75 0.89 -4.22 3.06
0.81 0.89 -4.22 2.70
0.88 0.89 -4.22 3.56
0.94 0.89 -4.22 3.97
1.00 0.89 -4.22 2.82
1.06 0.89 -4.22 4.84
1.12 0.89 -4.22 4.66
1.19 0.89 -4.22 4.22
1.25 0.89 -4.22 6.74
1.31 0.89 -4.22 9.04
1.38 0.89 -4.22 8.57
1.44 0.89 -4.22 9.15
0.50 0.98 -4.22 2.64
0.56 0.98 -4.22 2.30
0.62 0.98 -4.22 2.58
0.69 0.98 -4.22 2.73
0.75 0.98 -4.22 2.63
0.81 0.98 -4.22 2.91
0.88 0.98 -4.22 3.03
0.94 0.98 -4.22 3.52
1.00 0.98 -4.22 3.31
1.06 0.98 -4.22 3.17
1.12 0.98 -4.22 3.19
1.19 0.98 -4.22 4.02
1.25 0.98 -4.22 4.73
1.31 0.98 -4.22 4.94
1.38 0.98 -4.22 6.13
1.44 0.98 -4.22 7.09
0.50 1.06 -4.22 2.49
0.56 1.06 -4.22 2.52
0.62 1.06 -4.22 2.38
0.69 1.06 -4.22 2.59
0.75 1.06 -4.22 2.89
0.81 1.06 -4.22 2.53
0.88 1.06 -4.22 2.71
0.94 1.06 -4.22 2.57
1.00 1.06 -4.22 3.19
1.06 1.06 -4.22 3.50
1.12 1.06 -4.22 3.93
1.19 1.06 -4.22 3.61
1.25 1.06 -4.22 4.51
1.31 1.06 -4.22 5.93
1.38 1.06 -4.22 5.56
1.44 1.06 -4.22 6.11
0.50 1.15 -4.22 2.26
0.56 1.15 -4.22 2.56
0.62 1.15 -4.22 2.45
0.69 1.15 -4.22 2.53
0.75 1.15 -4.22 2.43
0.81 1.15 -4.22 2.45
0.88 1.15 -4.22 2.82
0.94 1.15 -4.22 2.93
1.00 1.15 -4.22 3.18
1.06 1.15 -4.22 2.85
1.12 1.15 -4.22 3.31
1.19 1.15 -4.22 4.41
1.25 1.15 -4.22 4.67
1.31 1.15 -4.22 5.44
1.38 1.15 -4.22 6.01
1.44 1.15 -4.22 4.27
0.50 1.24 -4.22 2.59
0.56 1.24 -4.22 2.32
0.62 1.24 -4.22 2.24
0.69 1.24 -4.22 2.26
0.75 1.24 -4.22 2.16
0.81 1.24 -4.22 2.77
0.88 1.24 -4.22 2.18
0.94 1.24 -4.22 2.47
1.00 1.24 -4.22 3.07
1.06 1.24 -4.22 2.71
1.12 1.24 -4.22 2.44
1.19 1.24 -4.22 2.94
1.25 1.24 -4.22 3.77
1.31 1.24 -4.22 3.95
1.38 1.24 -4.22 3.38
1.44 1.24 -4.22 4.45
0.50 1.33 -4.22 2.52
0.56 1.33 -4.22 2.41
0.62 1.33 -4.22 2.13
0.69 1.33 -4.22 2.66
0.75 1.33 -4.22 2.61
0.81 1.33 -4.22 2.17
0.88 1.33 -4.22 2.50
0.94 1.33 -4.22 2.32
1.00 1.33 -4.22 2.91
1.06 1.33 -4.22 2.80
1.12 1.33 -4.22 2.51
1.19 1.33 -4.22 2.33
1.25 1.33 -4.22 2.52
1.31 1.33 -4.22 3.65
1.38 1.33 -4.22 2.87
1.44 1.33 -4.22 4.54
0.50 1.41 -4.22 2.33
0.56 1.41 -4.22 2.13
0.62 1.41 -4.22 2.35
0.69 1.41 -4.22 2.26
0.75 1.41 -4.22 2.24
0.81 1.41 -4.22 2.84
0.88 1.41 -4.22 2.42
0.94 1.41 -4.22 2.46
1.00 1.41 -4.22 2.48
1.06 1.41 -4.22 2.75
1.12 1.41 -4.22 2.76
1.19 1.41 -4.22 3.05
1.25 1.41 -4.22 3.33
1.31 1.41 -4.22 2.85
1.38 1.41 -4.22 4.31
1.44 1.41 -4.22 5.06
0.50 0.10 -3.91 77.09
0.56 0.10 -3.91 111.50
0.62 0.10 -3.91 129.82
0.69 0.10 -3.91 197.97
0.75 0.10 -3.91 246.91
0.81 0.10 -3.91 368.60
0.88 0.10 -3.91 424.21
0.94 0.10 -3.91 632.59
1.00 0.10 -3.91 844.36
1.06 0.10 -3.91 1240.78
1.12 0.10 -3.91 1701.47
1.19 0.10 -3.91 2436.98
1.25 0.10 -3.91 2410.08
1.31 0.10 -3.91 2904.74
1.38 0.10 -3.91 4952.25
1.44 0.10 -3.91 6630.45
0.50 0.19 -3.91 22.98
0.56 0.19 -3.91 28.76
0.62 0.19 -3.91 23.56
0.69 0.19 -3.91 50.86
0.75 0.19 -3.91 61.55
0.81 0.19 -3.91 77.40
0.88 0.19 -3.91 115.62
0.94 0.19 -3.91 176.77
1.00 0.19 -3.91 192.41
1.06 0.19 -3.91 362.94
1.12 0.19 -3.91 379.17
1.19 0.19 -3.91 575.98
1.25 0.19 -3.91 550.02
1.31 0.19 -3.91 974.24
1.38 0.19 -3.91 979.89
1.44 0.19 -3.91 1649.20
0.50 0.28 -3.91 8.43
0.56 0.28 -3.91 8.54
0.62 0.28 -3.91 10.78
0.69 0.28 -3.91 20.66
0.75 0.28 -3.91 35.74
0.81 0.28 -3.91 29.17
0.88 0.28 -3.91 38.27
0.94 0.28 -3.91 47.76
1.00 0.28 -3.91 100.35
1.06 0.28 -3.91 100.29
1.12 0.28 -3.91 126.36
1.19 0.28 -3.91 170.69
1.25 0.28 -3.91 275.86
1.31 0.28 -3.91 239.72
1.38 0.28 -3.91 404.74
1.44 0.28 -3.91 704.79
0.50 0.36 -3.91 5.41
0.56 0.36 -3.91 7.35
0.62 0.36 -3.91 7.42
0.69 0.36 -3.91 11.21
0.75 0.36 -3.91 12.95
0.81 0.36 -3.91 13.68
0.88 0.36 -3.91 22.98
0.94 0.36 -3.91 35.06
1.00 0.36 -3.91 34.75
1.06 0.36 -3.91 39.11
1.12 0.36 -3.91 55.36
1.19 0.36 -3.91 68.15
1.25 0.36 -3.91 92.97
1.31 0.36 -3.91 186.45
1.38 0.36 -3.91 246.74
1.44 0.36 -3.91 384.67
0.50 0.45 -3.91 4.31
0.56 0.45 -3.91 4.05
0.62 0.45 -3.91 5.74
0.69 0.45 -3.91 6.85
0.75 0.45 -3.91 6.06
0.81 0.45 -3.91 7.74
0.88 0.45 -3.91 10.56
0.94 0.45 -3.91 16.08
1.00 0.45 -3.91 22.40
1.06 0.45 -3.91 24.26
1.12 0.45 -3.91 21.85
1.19 0.45 -3.91 50.40
1.25 0.45 -3.91 61.30
1.31 0.45 -3.91 57.46
1.38 0.45 -3.91 101.05
1.44 0.45 -3.91 125.78
0.50 0.54 -3.91 3.28
0.56 0.54 -3.91 4.22
0.62 0.54 -3.91 4.03
0.69 0.54 -3.91 4.29
0.75 0.54 -3.91 4.48
0.81 0.54 -3.91 7.58
0.88 0.54 -3.91 9.50
0.94 0.54 -3.91 8.34
1.00 0.54 -3.91 10.73
1.06 0.54 -3.91 13.97
1.12 0.54 -3.91 15.83
1.19 0.54 -3.91 16.54
1.25 0.54 -3.91 22.76
1.31 0.54 -3.91 22.82
1.38 0.54 -3.91 51.14
1.44 0.54 -3.91 57.20
0.50 0.62 -3.91 3.42
0.56 0.62 -3.91 3.81
0.62 0.62 -3.91 3.53
0.69 0.62 -3.91 4.00
0.75 0.62 -3.91 3.48
0.81 0.62 -3.91 3.84
0.88 0.62 -3.91 5.25
0.94 0.62 -3.91 5.58
1.00 0.62 -3.91 8.19
1.06 0.62 -3.91 9.06
1.12 0.62 -3.91 8.77
1.19 0.62 -3.91 12.08
1.25 0.62 -3.91 11.08
1.31 0.62 -3.91 18.61
1.38 0.62 -3.91 38.78
1.44 0.62 -3.91 36.00
0.50 0.71 -3.91 2.71
0.56 0.71 -3.91 2.83
0.62 0.71 -3.91 3.74
0.69 0.71 -3.91 3.48
0.75 0.71 -3.91 3.54
0.81 0.71 -3.91 3.57
0.88 0.71 -3.91 5.11
0.94 0.71 -3.91 4.98
1.00 0.71 -3.91 5.33
1.06 0.71 -3.91 5.80
1.12 0.71 -3.91 6.42
1.19 0.71 -3.91 9.20
1.25 0.71 -3.91 11.86
1.31 0.71 -3.91 13.49
1.38 0.71 -3.91 17.71
1.44 0.71 -3.91 28.03
0.50 0.80 -3.91 2.81
0.56 0.80 -3.91 2.78
0.62 0.80 -3.91 3.17
0.69 0.80 -3.91 2.59
0.75 0.80 -3.91 3.37
0.81 0.80 -3.91 2.78
0.88 0.80 -3.91 2.99
0.94 0.80 -3.91 4.20
1.00 0.80 -3.91 4.65
1.06 0.80 -3.91 5.78
1.12 0.80 -3.91 4.24
1.19 0.80 -3.91 9.18
1.25 0.80 -3.91 8.28
1.31 0.80 -3.91 7.75
1.38 0.80 -3.91 9.04
1.44 0.80 -3.91 10.78
0.50 0.89 -3.91 2.71
0.56 0.89 -3.91 2.91
0.62 0.89 -3.91 2.67
0.69 0.89 -3.91 3.37
0.75 0.89 -3.91 3.10
0.81 0.89 -3.91 2.85
0.88 0.89 -3.91 3.41
0.94 0.89 -3.91 2.94
1.00 0.89 -3.91 3.69
1.06 0.89 -3.91 4.69
1.12 0.89 -3.91 3.80
1.19 0.89 -3.91 5.12
1.25 0.89 -3.91 4.64
1.31 0.89 -3.91 7.66
1.38 0.89 -3.91 7.85
1.44 0.89 -3.91 8.66
0.50 0.98 -3.91 2.73
0.56 0.98 -3.91 2.65
0.62 0.98 -3.91 2.39
0.69 0.98 -3.91 2.32
0.75 0.98 -3.91 2.89
0.81 0.98 -3.91 3.17
0.88 0.98 -3.91 2.94
0.94 0.98 -3.91 2.86
1.00 0.98 -3.91 3.44
1.06 0.98 -3.91 4.39
1.12 0.98 -3.91 3.71
1.19 0.98 -3.91 4.56
1.25 0.98 -3.91 3.77
1.31 0.98 -3.91 4.55
1.38 0.98 -3.91 6.87
1.44 0.98 -3.91 8.62
0.50 1.06 -3.91 2.79
0.56 1.06 -3.91 2.85
0.62 1.06 -3.91 2.71
0.69 1.06 -3.91 2.58
0.75 1.06 -3.91 2.43
0.81 1.06 -3.91 2.50
0.88 1.06 -3.91 3.36
0.94 1.06 -3.91 3.61
1.00 1.06 -3.91 3.32
1.06 1.06 -3.91 2.87
1.12 1.06 -3.91 3.73
1.19 1.06 -3.91 4.23
1.25 1.06 -3.91 3.15
1.31 1.06 -3.91 4.89
1.38 1.06 -3.91 4.54
1.44 1.06 -3.91 6.47
0.50 1.15 -3.91 2.29
0.56 1.15 -3.91 2.27
0.62 1.15 -3.91 2.38
0.69 1.15 -3.91 2.31
0.75 1.15 -3.91 2.47
0.81 1.15 -3.91 2.85
0.88 1.15 -3.91 2.91
0.94 1.15 -3.91 3.58
1.00 1.15 -3.91 3.44
1.06 1.15 -3.91 3.80
1.12 1.15 -3.91 3.37
1.19 1.15 -3.91 2.85
1.25 1.15 -3.91 3.78
1.31 1.15 -3.91 4.34
1.38 1.15 -3.91 4.96
1.44 1.15 -3.91 6.01
0.50 1.24 -3.91 2.45
0.56 1.24 -3.91 2.48
0.62 1.24 -3.91 2.23
0.69 1.24 -3.91 2.38
0.75 1.24 -3.91 2.34
0.81 1.24 -3.91 2.93
0.88 1.24 -3.91 2.69
0.94 1.24 -3.91 2.46
1.00 1.24 -3.91 3.14
1.06 1.24 -3.91 3.75
1.12 1.24 -3.91 3.20
1.19 1.24 -3.91 3.67
1.25 1.24 -3.91 2.70
1.31 1.24 -3.91 3.26
1.38 1.24 -3.91 4.19
1.44 1.24 -3.91 5.79
0.50 1.33 -3.91 2.43
0.56 1.33 -3.91 2.22
0.62 1.33 -3.91 2.74
0.69 1.33 -3.91 2.54
0.75 1.33 -3.91 2.61
0.81 1.33 -3.91 2.50
0.88 1.33 -3.91 2.78
0.94 1.33 -3.91 2.50
1.00 1.33 -3.91 3.13
1.06 1.33 -3.91 2.50
1.12 1.33 -3.91 2.69
1.19 1.33 -3.91 3.00
1.25 1.33 -3.91 2.79
1.31 1.33 -3.91 3.49
1.38 1.33 -3.91 4.70
1.44 1.33 -3.91 4.73
0.50 1.41 -3.91 2.62
0.56 1.41 -3.91 2.40
0.62 1.41 -3.91 2.65
0.69 1.41 -3.91 2.52
0.75 1.41 -3.91 2.13
0.81 1.41 -3.91 2.45
0.88 1.41 -3.91 2.82
0.94 1.41 -3.91 2.31
1.00 1.41 -3.91 2.51
1.06 1.41 -3.91 2.76
1.12 1.41 -3.91 3.13
1.19 1.41 -3.91 3.28
1.25 1.41 -3.91 2.66
1.31 1.41 -3.91 4.28
1.38 1.41 -3.91 4.21
1.44 1.41 -3.91 4.01
0.50 0.10 -3.59 71.14
0.56 0.10 -3.59 93.24
0.62 0.10 -3.59 125.48
0.69 0.10 -3.59 246.08
0.75 0.10 -3.59 258.10
0.81 0.10 -3.59 385.93
0.88 0.10 -3.59 572.97
0.94 0.10 -3.59 736.51
1.00 0.10 -3.59 897.39
1.06 0.10 -3.59 926.41
1.12 0.10 -3.59 1453.56
1.19 0.10 -3.59 2281.06
1.25 0.10 -3.59 2356.19
1.31 0.10 -3.59 3327.20
1.38 0.10 -3.59 5671.72
1.44 0.10 -3.59 5087.49
0.50 0.19 -3.59 17.52
0.56 0.19 -3.59 25.67
0.62 0.19 -3.59 32.54
0.69 0.19 -3.59 45.23
0.75 0.19 -3.59 64.47
0.81 0.19 -3.59 90.26
0.88 0.19 -3.59 125.04
0.94 0.19 -3.59 170.79
1.00 0.19 -3.59 194.34
1.06 0.19 -3.59 207.98
1.12 0.19 -3.59 366.74
1.19 0.19 -3.59 613.89
1.25 0.19 -3.59 551.00
1.31 0.19 -3.59 867.66
1.38 0.19 -3.59 1187.97
1.44 0.19 -3.59 1153.96
0.50 0.28 -3.59 7.42
0.56 0.28 -3.59 9.71
0.62 0.28 -3.59 17.39
0.69 0.28 -3.59 18.47
0.75 0.28 -3.59 22.61
0.81 0.28 -3.59 30.30
0.88 0.28 -3.59 45.72
0.94 0.28 -3.59 55.70
1.00 0.28 -3.59 97.18
1.06 0.28 -3.59 120.58
1.12 0.28 -3.59 163.73
1.19 0.28 -3.59 144.56
1.25 0.28 -3.59 215.62
1.31 0.28 -3.59 222.92
1.38 0.28 -3.59 437.85
1.44 0.28 -3.59 432.53
0.50 0.36 -3.59 5.66
0.56 0.36 -3.59 4.92
0.62 0.36 -3.59 6.44
0.69 0.36 -3.59 11.43
0.75 0.36 -3.59 11.73
0.81 0.36 -3.59 15.34
0.88 0.36 -3.59 19.06
0.94 0.36 -3.59 32.40
1.00 0.36 -3.59 22.49
1.06 0.36 -3.59 50.27
1.12 0.36 -3.59 69.30
1.19 0.36 -3.59 92.55
1.25 0.36 -3.59 104.08
1.31 0.36 -3.59 148.25
1.38 0.36 -3.59 189.31
1.44 0.36 -3.59 260.57
0.50 0.45 -3.59 3.93
0.56 0.45 -3.59 4.61
0.62 0.45 -3.59 4.88
0.69 0.45 -3.59 5.30
0.75 0.45 -3.59 10.53
0.81 0.45 -3.59 7.88
0.88 0.45 -3.59 10.04
0.94 0.45 -3.59 14.45
1.00 0.45 -3.59 16.72
1.06 0.45 -3.59 20.65
1.12 0.45 -3.59 23.92
1.19 0.45 -3.59 45.60
1.25 0.45 -3.59 59.12
1.31 0.45 -3.59 59.12
1.38 0.45 -3.59 97.67
1.44 0.45 -3.59 200.14
0.50 0.54 -3.59 3.79
0.56 0.54 -3.59 3.06
0.62 0.54 -3.59 4.04
0.69 0.54 -3.59 5.23
0.75 0.54 -3.59 4.57
0.81 0.54 -3.59 5.28
0.88 0.54 -3.59 6.62
0.94 0.54 -3.59 9.40
1.00 0.54 -3.59 12.03
1.06 0.54 -3.59 13.49
1.12 0.54 -3.59 10.68
1.19 0.54 -3.59 20.62
1.25 0.54 -3.59 33.99
1.31 0.54 -3.59 33.22
1.38 0.54 -3.59 29.10
1.44 0.54 -3.59 35.57
0.50 0.62 -3.59 3.30
0.56 0.62 -3.59 3.35
0.62 0.62 -3.59 3.50
0.69 0.62 -3.59 3.49
0.75 0.62 -3.59 3.74
0.81 0.62 -3.59 4.31
0.88 0.62 -3.59 6.24
0.94 0.62 -3.59 6.92
1.00 0.62 -3.59 7.14
1.06 0.62 -3.59 6.82
1.12 0.62 -3.59 10.36
1.19 0.62 -3.59 12.86
1.25 0.62 -3.59 13.75
1.31 0.62 -3.59 20.95
1.38 0.62 -3.59 29.35
1.44 0.62 -3.59 25.18
0.50 0.71 -3.59 2.95
0.56 0.71 -3.59 3.15
0.62 0.71 -3.59 3.12
0.69 0.71 -3.59 4.49
0.75 0.71 -3.59 3.27
0.81 0.71 -3.59 4.19
0.88 0.71 -3.59 4.01
0.94 0.71 -3.59 4.83
1.00 0.71 -3.59 5.47
1.06 0.71 -3.59 6.88
1.12 0.71 -3.59 6.18
1.19 0.71 -3.59 7.03
1.25 0.71 -3.59 8.93
1.31 0.71 -3.59 13.19
1.38 0.71 -3.59 12.54
1.44 0.71 -3.59 13.63
0.50 0.80 -3.59 3.08
0.56 0.80 -3.59 3.36
0.62 0.80 -3.59 3.15
0.69 0.80 -3.59 3.05
0.75 0.80 -3.59 3.11
0.81 0.80 -3.59 3.62
0.88 0.80 -3.59 3.47
0.94 0.80 -3.59 4.21
1.00 0.80 -3.59 4.50
1.06 0.80 -3.59 5.12
1.12 0.80 -3.59 5.68
1.19 0.80 -3.59 7.42
1.25 0.80 -3.59 5.17
1.31 0.80 -3.59 7.22
1.38 0.80 -3.59 11.64
1.44 0.80 -3.59 11.39
0.50 0.89 -3.59 2.78
0.56 0.89 -3.59 3.10
0.62 0.89 -3.59 2.90
0.69 0.89 -3.59 2.81
0.75 0.89 -3.59 2.97
0.81 0.89 -3.59 3.09
0.88 0.89 -3.59 3.39
0.94 0.89 -3.59 3.46
1.00 0.89 -3.59 5.16
1.06 0.89 -3.59 4.78
1.12 0.89 -3.59 3.71
1.19 0.89 -3.59 4.76
1.25 0.89 -3.59 4.37
1.31 0.89 -3.59 10.20
1.38 0.89 -3.59 8.20
1.44 0.89 -3.59 7.85
0.50 0.98 -3.59 2.43
0.56 0.98 -3.59 2.94
0.62 0.98 -3.59 2.64
0.69 0.98 -3.59 2.93
0.75 0.98 -3.59 2.63
0.81 0.98 -3.59 2.76
0.88 0.98 -3.59 3.14
0.94 0.98 -3.59 4.10
1.00 0.98 -3.59 3.89
1.06 0.98 -3.59 3.45
1.12 0.98 -3.59 4.67
1.19 0.98 -3.59 6.32
1.25 0.98 -3.59 5.64
1.31 0.98 -3.59 4.75
1.38 0.98 -3.59 5.62
1.44 0.98 -3.59 4.93
0.50 1.06 -3.59 2.83
0.56 1.06 -3.59 2.52
0.62 1.06 -3.59 2.54
0.69 1.06 -3.59 2.76
0.75 1.06 -3.59 2.42
0.81 1.06 -3.59 2.69
0.88 1.06 -3.59 2.78
0.94 1.06 -3.59 2.83
1.00 1.06 -3.59 2.71
1.06 1.06 -3.59 3.33
1.12 1.06 -3.59 3.85
1.19 1.06 -3.59 3.31
1.25 1.06 -3.59 3.79
1.31 1.06 -3.59 3.80
1.38 1.06 -3.59 4.04
1.44 1.06 -3.59 4.24
0.50 1.15 -3.59 2.49
0.56 1.15 -3.59 2.54
0.62 1.15 -3.59 2.60
0.69 1.15 -3.59 2.58
0.75 1.15 -3.59 2.40
0.81 1.15 -3.59 2.40
0.88 1.15 -3.59 2.82
0.94 1.15 -3.59 2.36
1.00 1.15 -3.59 2.83
1.06 1.15 -3.59 3.13
1.12 1.15 -3.59 3.30
1.19 1.15 -3.59 2.88
1.25 1.15 -3.59 3.15
1.31 1.15 -3.59 4.26
1.38 1.15 -3.59 5.52
1.44 1.15 -3.59 4.40
0.50 1.24 -3.59 2.38
0.56 1.24 -3.59 2.41
0.62 1.24 -3.59 2.69
0.69 1.24 -3.59 2.51
0.75 1.24 -3.59 2.61
0.81 1.24 -3.59 2.57
0.88 1.24 -3.59 2.76
0.94 1.24 -3.59 2.42
1.00 1.24 -3.59 2.77
1.06 1.24 -3.59 2.86
1.12 1.24 -3.59 2.49
1.19 1.24 -3.59 3.04
1.25 1.24 -3.59 4.15
1.31 1.24 -3.59 3.31
1.38 1.24 -3.59 3.94
1.44 1.24 -3.59 3.97
0.50 1.33 -3.59 2.44
0.56 1.33 -3.59 2.60
0.62 1.33 -3.59 2.38
0.69 1.33 -3.59 2.54
0.75 1.33 -3.59 3.13
0.81 1.33 -3.59 2.53
0.88 1.33 -3.59 2.43
0.94 1.33 -3.59 2.44
1.00 1.33 -3.59 2.82
1.06 1.33 -3.59 2.68
1.12 1.33 -3.59 2.90
1.19 1.33 -3.59 2.98
1.25 1.33 -3.59 2.87
1.31 1.33 -3.59 3.87
1.38 1.33 -3.59 3.41
1.44 1.33 -3.59 3.79
0.50 1.41 -3.59 2.62
0.56 1.41 -3.59 2.45
0.62 1.41 -3.59 2.48
0.69 1.41 -3.59 2.42
0.75 1.41 -3.59 2.17
0.81 1.41 -3.59 2.42
0.88 1.41 -3.59 2.46
0.94 1.41 -3.59 2.61
1.00 1.41 -3.59 2.61
1.06 1.41 -3.59 2.96
1.12 1.41 -3.59 2.87
1.19 1.41 -3.59 2.67
1.25 1.41 -3.59 3.17
1.31 1.41 -3.59 2.77
1.38 1.41 -3.59 2.90
1.44 1.41 -3.59 3.43
0.50 0.10 -3.27 85.59
0.56 0.10 -3.27 101.75
0.62 0.10 -3.27 131.72
0.69 0.10 -3.27 217.92
0.75 0.10 -3.27 283.92
0.81 0.10 -3.27 297.68
0.88 0.10 -3.27 535.46
0.94 0.10 -3.27 641.07
1.00 0.10 -3.27 833.12
1.06 0.10 -3.27 1337.07
1.12 0.10 -3.27 1860.18
1.19 0.10 -3.27 2218.12
1.25 0.10 -3.27 3021.71
1.31 0.10 -3.27 4291.70
1.38 0.10 -3.27 5177.43
1.44 0.10 -3.27 6528.97
0.50 0.19 -3.27 16.79
0.56 0.19 -3.27 27.45
0.62 0.19 -3.27 47.22
0.69 0.19 -3.27 49.54
0.75 0.19 -3.27 73.11
0.81 0.19 -3.27 78.10
0.88 0.19 -3.27 126.03
0.94 0.19 -3.27 165.35
1.00 0.19 -3.27 195.65
1.06 0.19 -3.27 302.12
1.12 0.19 -3.27 396.13
1.19 0.19 -3.27 560.89
1.25 0.19 -3.27 649.95
1.31 0.19 -3.27 744.54
1.38 0.19 -3.27 1296.70
1.44 0.19 -3.27 1693.18
0.50 0.28 -3.27 9.41
0.56 0.28 -3.27 9.84
0.62 0.28 -3.27 10.62
0.69 0.28 -3.27 18.79
0.75 0.28 -3.27 22.10
0.81 0.28 -3.27 32.12
0.88 0.28 -3.27 42.93
0.94 0.28 -3.27 59.57
1.00 0.28 -3.27 66.85
1.06 0.28 -3.27 99.05
1.12 0.28 -3.27 107.42
1.19 0.28 -3.27 203.92
1.25 0.28 -3.27 205.19
1.31 0.28 -3.27 321.84
1.38 0.28 -3.27 447.14
1.44 0.28 -3.27 636.02
0.50 0.36 -3.27 4.78
0.56 0.36 -3.27 7.51
0.62 0.36 -3.27 7.64
0.69 0.36 -3.27 7.71
0.75 0.36 -3.27 8.80
0.81 0.36 -3.27 12.00
0.88 0.36 -3.27 18.28
0.94 0.36 -3.27 20.79
1.00 0.36 -3.27 48.16
1.06 0.36 -3.27 61.34
1.12 0.36 -3.27 51.67
1.19 0.36 -3.27 62.39
1.25 0.36 -3.27 103.33
1.31 0.36 -3.27 121.17
1.38 0.36 -3.27 200.36
1.44 0.36 -3.27 337.24
0.50 0.45 -3.27 3.84
0.56 0.45 -3.27 5.03
0.62 0.45 -3.27 4.79
0.69 0.45 -3.27 5.06
0.75 0.45 -3.27 8.74
0.81 0.45 -3.27 9.60
0.88 0.45 -3.27 12.18
0.94 0.45 -3.27 10.50
1.00 0.45 -3.27 13.24
1.06 0.45 -3.27 27.90
1.12 0.45 -3.27 28.01
1.19 0.45 -3.27 28.89
1.25 0.45 -3.27 44.45
1.31 0.45 -3.27 82.04
1.38 0.45 -3.27 90.28
1.44 0.45 -3.27 92.33
0.50 0.54 -3.27 3.66
0.56 0.54 -3.27 3.49
0.62 0.54 -3.27 4.02
0.69 0.54 -3.27 3.99
0.75 0.54 -3.27 4.75
0.81 0.54 -3.27 6.04
0.88 0.54 -3.27 5.93
0.94 0.54 -3.27 6.84
1.00 0.54 -3.27 8.45
1.06 0.54 -3.27 8.42
1.12 0.54 -3.27 11.02
1.19 0.54 -3.27 20.51
1.25 0.54 -3.27 27.81
1.31 0.54 -3.27 28.80
1.38 0.54 -3.27 29.22
1.44 0.54 -3.27 31.02
0.50 0.62 -3.27 3.33
0.56 0.62 -3.27 3.62
0.62 0.62 -3.27 3.62
0.69 0.62 -3.27 3.49
0.75 0.62 -3.27 2.98
0.81 0.62 -3.27 4.56
0.88 0.62 -3.27 4.54
0.94 0.62 -3.27 5.01
1.00 0.62 -3.27 7.55
1.06 0.62 -3.27 6.69
1.12 0.62 -3.27 7.82
1.19 0.62 -3.27 8.59
1.25 0.62 -3.27 15.21
1.31 0.62 -3.27 17.55
1.38 0.62 -3.27 25.24
1.44 0.62 -3.27 14.54
0.50 0.71 -3.27 3.14
0.56 0.71 -3.27 3.38
0.62 0.71 -3.27 2.89
0.69 0.71 -3.27 2.73
0.75 0.71 -3.27 3.15
0.81 0.71 -3.27 2.88
0.88 0.71 -3.27 4.15
0.94 0.71 -3.27 3.61
1.00 0.71 -3.27 5.11
1.06 0.71 -3.27 4.86
1.12 0.71 -3.27 6.13
1.19 0.71 -3.27 7.73
1.25 0.71 -3.27 9.16
1.31 0.71 -3.27 9.66
1.38 0.71 -3.27 9.13
1.44 0.71 -3.27 9.31
0.50 0.80 -3.27 2.94
0.56 0.80 -3.27 2.63
0.62 0.80 -3.27 2.68
0.69 0.80 -3.27 2.72
0.75 0.80 -3.27 2.67
0.81 0.80 -3.27 2.96
0.88 0.80 -3.27 3.06
0.94 0.80 -3.27 3.47
1.00 0.80 -3.27 3.12
1.06 0.80 -3.27 3.30
1.12 0.80 -3.27 4.52
1.19 0.80 -3.27 5.47
1.25 0.80 -3.27 5.93
1.31 0.80 -3.27 5.62
1.38 0.80 -3.27 5.38
1.44 0.80 -3.27 11.28
0.50 0.89 -3.27 2.61
0.56 0.89 -3.27 2.58
0.62 0.89 -3.27 2.64
0.69 0.89 -3.27 2.46
0.75 0.89 -3.27 2.53
0.81 0.89 -3.27 2.50
0.88 0.89 -3.27 2.77
0.94 0.89 -3.27 2.85
1.00 0.89 -3.27 3.42
1.06 0.89 -3.27 3.17
1.12 0.89 -3.27 3.38
1.19 0.89 -3.27 3.95
1.25 0.89 -3.27 6.04
1.31 0.89 -3.27 5.50
1.38 0.89 -3.27 4.90
1.44 0.89 -3.27 5.12
0.50 0.98 -3.27 2.50
0.56 0.98 -3.27 2.39
0.62 0.98 -3.27 2.41
0.69 0.98 -3.27 2.51
0.75 0.98 -3.27 2.56
0.81 0.98 -3.27 2.48
0.88 0.98 -3.27 2.71
0.94 0.98 -3.27 2.62
1.00 0.98 -3.27 2.74
1.06 0.98 -3.27 3.02
1.12 0.98 -3.27 3.24
1.19 0.98 -3.27 3.04
1.25 0.98 -3.27 3.79
1.31 0.98 -3.27 4.06
1.38 0.98 -3.27 4.13
1.44 0.98 -3.27 3.89
0.50 1.06 -3.27 2.61
0.56 1.06 -3.27 2.56
0.62 1.06 -3.27 2.70
0.69 1.06 -3.27 2.43
0.75 1.06 -3.27 2.24
0.81 1.06 -3.27 2.60
0.88 1.06 -3.27 2.40
0.94 1.06 -3.27 2.39
1.00 1.06 -3.27 2.72
1.06 1.06 -3.27 2.20
1.12 1.06 -3.27 2.62
1.19 1.06 -3.27 2.81
1.25 1.06 -3.27 3.35
1.31 1.06 -3.27 3.66
1.38 1.06 -3.27 4.23
1.44 1.06 -3.27 6.47
0.50 1.15 -3.27 2.29
0.56 1.15 -3.27 2.62
0.62 1.15 -3.27 2.17
0.69 1.15 -3.27 2.16
0.75 1.15 -3.27 2.21
0.81 1.15 -3.27 2.05
0.88 1.15 -3.27 2.37
0.94 1.15 -3.27 2.37
1.00 1.15 -3.27 2.27
1.06 1.15 -3.27 2.79
1.12 1.15 -3.27 2.51
1.19 1.15 -3.27 2.82
1.25 1.15 -3.27 3.74
1.31 1.15 -3.27 3.27
1.38 1.15 -3.27 3.60
1.44 1.15 -3.27 2.58
0.50 1.24 -3.27 2.48
0.56 1.24 -3.27 2.28
0.62 1.24 -3.27 2.40
0.69 1.24 -3.27 2.12
0.75 1.24 -3.27 1.93
0.81 1.24 -3.27 2.26
0.88 1.24 -3.27 2.08
0.94 1.24 -3.27 2.15
1.00 1.24 -3.27 2.13
1.06 1.24 -3.27 2.33
1.12 1.24 -3.27 2.15
1.19 1.24 -3.27 2.09
1.25 1.24 -3.27 2.51
1.31 1.24 -3.27 2.90
1.38 1.24 -3.27 2.51
1.44 1.24 -3.27 2.68
0.50 1.33 -3.27 2.28
0.56 1.33 -3.27 2.27
0.62 1.33 -3.27 2.22
0.69 1.33 -3.27 2.36
0.75 1.33 -3.27 2.01
0.81 1.33 -3.27 2.14
0.88 1.33 -3.27 2.04
0.94 1.33 -3.27 2.13
1.00 1.33 -3.27 2.36
1.06 1.33 -3.27 2.16
1.12 1.33 -3.27 2.01
1.19 1.33 -3.27 1.83
1.25 1.33 -3.27 1.98
1.31 1.33 -3.27 2.48
1.38 1.33 -3.27 2.98
1.44 1.33 -3.27 2.33
0.50 1.41 -3.27 2.50
0.56 1.41 -3.27 2.27
0.62 1.41 -3.27 2.09
0.69 1.41 -3.27 2.15
0.75 1.41 -3.27 1.90
0.81 1.41 -3.27 2.04
0.88 1.41 -3.27 2.29
0.94 1.41 -3.27 2.17
1.00 1.41 -3.27 2.22
1.06 1.41 -3.27 1.86
1.12 1.41 -3.27 2.01
1.19 1.41 -3.27 1.86
1.25 1.41 -3.27 2.32
1.31 1.41 -3.27 2.22
1.38 1.41 -3.27 2.55
1.44 1.41 -3.27 2.04
0.50 0.10 -2.95 86.57
0.56 0.10 -2.95 105.03
0.62 0.10 -2.95 140.54
0.69 0.10 -2.95 193.45
0.75 0.10 -2.95 292.89
0.81 0.10 -2.95 453.39
0.88 0.10 -2.95 543.74
0.94 0.10 -2.95 590.88
1.00 0.10 -2.95 801.21
1.06 0.10 -2.95 1264.60
1.12 0.10 -2.95 1559.54
1.19 0.10 -2.95 2256.85
1.25 0.10 -2.95 2798.41
1.31 0.10 -2.95 3494.29
1.38 0.10 -2.95 6306.25
1.44 0.10 -2.95 8041.31
0.50 0.19 -2.95 15.41
0.56 0.19 -2.95 19.55
0.62 0.19 -2.95 34.50
0.69 0.19 -2.95 42.43
0.75 0.19 -2.95 50.24
0.81 0.19 -2.95 94.86
0.88 0.19 -2.95 139.43
0.94 0.19 -2.95 166.26
1.00 0.19 -2.95 212.83
1.06 0.19 -2.95 238.26
1.12 0.19 -2.95 308.67
1.19 0.19 -2.95 499.45
1.25 0.19 -2.95 604.97
1.31 0.19 -2.95 1048.71
1.38 0.19 -2.95 1074.23
1.44 0.19 -2.95 1559.74
0.50 0.28 -2.95 6.37
0.56 0.28 -2.95 6.42
0.62 0.28 -2.95 9.25
0.69 0.28 -2.95 11.72
0.75 0.28 -2.95 21.46
0.81 0.28 -2.95 20.16
0.88 0.28 -2.95 34.89
0.94 0.28 -2.95 34.78
1.00 0.28 -2.95 56.58
1.06 0.28 -2.95 84.66
1.12 0.28 -2.95 97.83
1.19 0.28 -2.95 173.09
1.25 0.28 -2.95 189.69
1.31 0.28 -2.95 322.51
1.38 0.28 -2.95 315.76
1.44 0.28 -2.95 376.42
0.50 0.36 -2.95 4.53
0.56 0.36 -2.95 4.45
0.62 0.36 -2.95 6.20
0.69 0.36 -2.95 6.39
0.75 0.36 -2.95 7.15
0.81 0.36 -2.95 9.59
0.88 0.36 -2.95 14.57
0.94 0.36 -2.95 25.97
1.00 0.36 -2.95 31.94
1.06 0.36 -2.95 27.26
1.12 0.36 -2.95 65.96
1.19 0.36 -2.95 62.71
1.25 0.36 -2.95 68.03
1.31 0.36 -2.95 85.46
1.38 0.36 -2.95 130.60
1.44 0.36 -2.95 159.24
0.50 0.45 -2.95 3.69
0.56 0.45 -2.95 3.78
0.62 0.45 -2.95 3.83
0.69 0.45 -2.95 4.80
0.75 0.45 -2.95 4.37
0.81 0.45 -2.95 5.87
0.88 0.45 -2.95 12.61
0.94 0.45 -2.95 10.32
1.00 0.45 -2.95 8.08
1.06 0.45 -2.95 14.38
1.12 0.45 -2.95 11.75
1.19 0.45 -2.95 16.94
1.25 0.45 -2.95 26.45
1.31 0.45 -2.95 27.57
1.38 0.45 -2.95 40.78
1.44 0.45 -2.95 90.84
0.50 0.54 -2.95 3.39
0.56 0.54 -2.95 2.73
0.62 0.54 -2.95 3.09
0.69 0.54 -2.95 3.57
0.75 0.54 -2.95 3.18
0.81 0.54 -2.95 3.55
0.88 0.54 -2.95 4.03
0.94 0.54 -2.95 5.88
1.00 0.54 -2.95 4.75
1.06 0.54 -2.95 7.63
1.12 0.54 -2.95 6.81
1.19 0.54 -2.95 10.63
1.25 0.54 -2.95 14.12
1.31 0.54 -2.95 17.86
1.38 0.54 -2.95 16.36
1.44 0.54 -2.95 19.71
0.50 0.62 -2.95 2.68
0.56 0.62 -2.95 2.93
0.62 0.62 -2.95 2.50
0.69 0.62 -2.95 2.37
0.75 0.62 -2.95 2.48
0.81 0.62 -2.95 2.33
0.88 0.62 -2.95 3.19
0.94 0.62 -2.95 3.40
1.00 0.62 -2.95 3.16
1.06 0.62 -2.95 3.88
1.12 0.62 -2.95 5.56
1.19 0.62 -2.95 6.02
1.25 0.62 -2.95 8.98
1.31 0.62 -2.95 6.30
1.38 0.62 -2.95 9.22
1.44 0.62 -2.95 11.74
0.50 0.71 -2.95 2.30
0.56 0.71 -2.95 2.39
0.62 0.71 -2.95 2.37
0.69 0.71 -2.95 2.29
0.75 0.71 -2.95 1.96
0.81 0.71 -2.95 2.03
0.88 0.71 -2.95 2.15
0.94 0.71 -2.95 2.44
1.00 0.71 -2.95 2.13
1.06 0.71 -2.95 2.70
1.12 0.71 -2.95 2.66
1.19 0.71 -2.95 4.34
1.25 0.71 -2.95 4.12
1.31 0.71 -2.95 4.31
1.38 0.71 -2.95 5.12
1.44 0.71 -2.95 6.79
0.50 0.80 -2.95 2.86
0.56 0.80 -2.95 2.47
0.62 0.80 -2.95 1.82
0.69 0.80 -2.95 2.10
0.75 0.80 -2.95 1.84
0.81 0.80 -2.95 2.14
0.88 0.80 -2.95 1.73
0.94 0.80 -2.95 1.69
1.00 0.80 -2.95 1.87
1.06 0.80 -2.95 2.05
1.12 0.80 -2.95 2.04
1.19 0.80 -2.95 2.30
1.25 0.80 -2.95 2.59
1.31 0.80 -2.95 3.70
1.38 0.80 -2.95 3.19
1.44 0.80 -2.95 3.75
0.50 0.89 -2.95 2.64
0.56 0.89 -2.95 2.38
0.62 0.89 -2.95 1.80
0.69 0.89 -2.95 1.90
0.75 0.89 -2.95 1.81
0.81 0.89 -2.95 1.61
0.88 0.89 -2.95 1.56
0.94 0.89 -2.95 1.58
1.00 0.89 -2.95 1.69
1.06 0.89 -2.95 1.64
1.12 0.89 -2.95 1.59
1.19 0.89 -2.95 1.86
1.25 0.89 -2.95 2.21
1.31 0.89 -2.95 1.74
1.38 0.89 -2.95 2.51
1.44 0.89 -2.95 2.48
0.50 0.98 -2.95 2.23
0.56 0.98 -2.95 2.03
0.62 0.98 -2.95 1.92
0.69 0.98 -2.95 2.13
0.75 0.98 -2.95 1.50
0.81 0.98 -2.95 1.46
0.88 0.98 -2.95 1.46
0.94 0.98 -2.95 1.36
1.00 0.98 -2.95 1.56
1.06 0.98 -2.95 1.59
1.12 0.98 -2.95 1.66
1.19 0.98 -2.95 1.28
1.25 0.98 -2.95 1.47
1.31 0.98 -2.95 1.28
1.38 0.98 -2.95 1.83
1.44 0.98 -2.95 1.79
0.50 1.06 -2.95 2.48
0.56 1.06 -2.95 1.72
0.62 1.06 -2.95 1.63
0.69 1.06 -2.95 1.71
0.75 1.06 -2.95 1.34
0.81 1.06 -2.95 1.62
0.88 1.06 -2.95 1.31
0.94 1.06 -2.95 1.41
1.00 1.06 -2.95 1.43
1.06 1.06 -2.95 1.42
1.12 1.06 -2.95 1.39
1.19 1.06 -2.95 1.48
1.25 1.06 -2.95 1.46
1.31 1.06 -2.95 1.36
1.38 1.06 -2.95 1.32
1.44 1.06 -2.95 1.52
0.50 1.15 -2.95 1.72
0.56 1.15 -2.95 1.78
0.62 1.15 -2.95 1.70
0.69 1.15 -2.95 1.46
0.75 1.15 -2.95 1.90
0.81 1.15 -2.95 1.32
0.88 1.15 -2.95 1.63
0.94 1.15 -2.95 1.20
1.00 1.15 -2.95 1.26
1.06 1.15 -2.95 1.24
1.12 1.15 -2.95 1.14
1.19 1.15 -2.95 1.09
1.25 1.15 -2.95 1.13
1.31 1.15 -2.95 1.43
1.38 1.15 -2.95 1.06
1.44 1.15 -2.95 1.08
0.50 1.24 -2.95 2.08
0.56 1.24 -2.95 2.10
0.62 1.24 -2.95 2.04
0.69 1.24 -2.95 1.90
0.75 1.24 -2.95 1.65
0.81 1.24 -2.95 1.33
0.88 1.24 -2.95 1.14
0.94 1.24 -2.95 1.30
1.00 1.24 -2.95 1.16
1.06 1.24 -2.95 1.35
1.12 1.24 -2.95 1.16
1.19 1.24 -2.95 1.24
1.25 1.24 -2.95 1.02
1.31 1.24 -2.95 1.13
1.38 1.24 -2.95 1.00
1.44 1.24 -2.95 0.98
0.50 1.33 -2.95 2.13
0.56 1.33 -2.95 2.17
0.62 1.33 -2.95 1.83
0.69 1.33 -2.95 1.67
0.75 1.33 -2.95 1.47
0.81 1.33 -2.95 1.50
0.88 1.33 -2.95 1.49
0.94 1.33 -2.95 1.17
1.00 1.33 -2.95 1.24
1.06 1.33 -2.95 1.11
1.12 1.33 -2.95 1.02
1.19 1.33 -2.95 0.98
1.25 1.33 -2.95 0.94
1.31 1.33 -2.95 0.94
1.38 1.33 -2.95 1.00
1.44 1.33 -2.95 0.92
0.50 1.41 -2.95 2.14
0.56 1.41 -2.95 2.08
0.62 1.41 -2.95 2.02
0.69 1.41 -2.95 1.55
0.75 1.41 -2.95 1.42
0.81 1.41 -2.95 1.48
0.88 1.41 -2.95 1.31
0.94 1.41 -2.95 1.22
1.00 1.41 -2.95 1.14
1.06 1.41 -2.95 1.34
1.12 1.41 -2.95 1.38
1.19 1.41 -2.95 1.01
1.25 1.41 -2.95 1.12
1.31 1.41 -2.95 0.95
1.38 1.41 -2.95 0.98
1.44 1.41 -2.95 0.97
0.50 0.10 -2.63 104.46
0.56 0.10 -2.63 116.69
0.62 0.10 -2.63 148.56
0.69 0.10 -2.63 198.84
0.75 0.10 -2.63 276.46
0.81 0.10 -2.63 390.98
0.88 0.10 -2.63 728.84
0.94 0.10 -2.63 900.24
1.00 0.10 -2.63 1014.62
1.06 0.10 -2.63 1309.56
1.12 0.10 -2.63 1932.11
1.19 0.10 -2.63 2947.81
1.25 0.10 -2.63 2716.26
1.31 0.10 -2.63 4115.33
1.38 0.10 -2.63 5509.06
1.44 0.10 -2.63 7312.37
0.50 0.19 -2.63 14.94
0.56 0.19 -2.63 18.75
0.62 0.19 -2.63 27.15
0.69 0.19 -2.63 33.59
0.75 0.19 -2.63 45.14
0.81 0.19 -2.63 63.04
0.88 0.19 -2.63 98.06
0.94 0.19 -2.63 133.50
1.00 0.19 -2.63 136.35
1.06 0.19 -2.63 260.84
1.12 0.19 -2.63 287.71
1.19 0.19 -2.63 461.08
1.25 0.19 -2.63 478.95
1.31 0.19 -2.63 697.78
1.38 0.19 -2.63 944.08
1.44 0.19 -2.63 1384.77
0.50 0.28 -2.63 5.03
0.56 0.28 -2.63 5.91
0.62 0.28 -2.63 5.56
0.69 0.28 -2.63 6.64
0.75 0.28 -2.63 10.34
0.81 0.28 -2.63 12.76
0.88 0.28 -2.63 16.87
0.94 0.28 -2.63 42.93
1.00 0.28 -2.63 25.59
1.06 0.28 -2.63 59.11
1.12 0.28 -2.63 57.83
1.19 0.28 -2.63 122.71
1.25 0.28 -2.63 145.66
1.31 0.28 -2.63 150.35
1.38 0.28 -2.63 256.79
1.44 0.28 -2.63 288.06
0.50 0.36 -2.63 3.22
0.56 0.36 -2.63 2.86
0.62 0.36 -2.63 2.89
0.69 0.36 -2.63 3.21
0.75 0.36 -2.63 3.50
0.81 0.36 -2.63 5.39
0.88 0.36 -2.63 4.99
0.94 0.36 -2.63 6.65
1.00 0.36 -2.63 11.74
1.06 0.36 -2.63 15.59
1.12 0.36 -2.63 19.74
1.19 0.36 -2.63 29.16
1.25 0.36 -2.63 39.95
1.31 0.36 -2.63 56.50
1.38 0.36 -2.63 86.41
1.44 0.36 -2.63 87.60
0.50 0.45 -2.63 2.29
0.56 0.45 -2.63 2.37
0.62 0.45 -2.63 2.15
0.69 0.45 -2.63 2.00
0.75 0.45 -2.63 1.80
0.81 0.45 -2.63 1.68
0.88 0.45 -2.63 2.78
0.94 0.45 -2.63 3.14
1.00 0.45 -2.63 3.92
1.06 0.45 -2.63 5.06
1.12 0.45 -2.63 5.82
1.19 0.45 -2.63 7.49
1.25 0.45 -2.63 12.20
1.31 0.45 -2.63 12.25
1.38 0.45 -2.63 25.69
1.44 0.45 -2.63 48.70
0.50 0.54 -2.63 2.19
0.56 0.54 -2.63 2.10
0.62 0.54 -2.63 2.02
0.69 0.54 -2.63 1.56
0.75 0.54 -2.63 1.38
0.81 0.54 -2.63 1.66
0.88 0.54 -2.63 1.36
0.94 0.54 -2.63 1.37
1.00 0.54 -2.63 1.75
1.06 0.54 -2.63 2.08
1.12 0.54 -2.63 3.25
1.19 0.54 -2.63 3.29
1.25 0.54 -2.63 4.35
1.31 0.54 -2.63 4.13
1.38 0.54 -2.63 7.95
1.44 0.54 -2.63 10.72
0.50 0.62 -2.63 2.90
0.56 0.62 -2.63 2.19
0.62 0.62 -2.63 2.11
0.69 0.62 -2.63 1.46
0.75 0.62 -2.63 1.28
0.81 0.62 -2.63 1.18
0.88 0.62 -2.63 1.18
0.94 0.62 -2.63 1.09
1.00 0.62 -2.63 1.10
1.06 0.62 -2.63 1.24
1.12 0.62 -2.63 1.45
1.19 0.62 -2.63 1.66
1.25 0.62 -2.63 1.80
1.31 0.62 -2.63 4.33
1.38 0.62 -2.63 3.29
1.44 0.62 -2.63 7.01
0.50 0.71 -2.63 2.50
0.56 0.71 -2.63 2.12
0.62 0.71 -2.63 2.02
0.69 0.71 -2.63 1.65
0.75 0.71 -2.63 1.58
0.81 0.71 -2.63 1.26
0.88 0.71 -2.63 1.10
0.94 0.71 -2.63 1.02
1.00 0.71 -2.63 0.94
1.06 0.71 -2.63 0.92
1.12 0.71 -2.63 1.15
1.19 0.71 -2.63 1.07
1.25 0.71 -2.63 1.22
1.31 0.71 -2.63 1.60
1.38 0.71 -2.63 2.94
1.44 0.71 -2.63 2.26
0.50 0.80 -2.63 2.82
0.56 0.80 -2.63 2.21
0.62 0.80 -2.63 2.11
0.69 0.80 -2.63 1.94
0.75 0.80 -2.63 1.46
0.81 0.80 -2.63 1.42
0.88 0.80 -2.63 1.16
0.94 0.80 -2.63 1.05
1.00 0.80 -2.63 1.00
1.06 0.80 -2.63 0.89
1.12 0.80 -2.63 0.83
1.19 0.80 -2.63 0.73
1.25 0.80 -2.63 0.94
1.31 0.80 -2.63 0.92
1.38 0.80 -2.63 1.33
1.44 0.80 -2.63 1.14
0.50 0.89 -2.63 2.87
0.56 0.89 -2.63 2.30
0.62 0.89 -2.63 2.42
0.69 0.89 -2.63 1.93
0.75 0.89 -2.63 1.58
0.81 0.89 -2.63 1.44
0.88 0.89 -2.63 1.16
0.94 0.89 -2.63 1.23
1.00 0.89 -2.63 1.04
1.06 0.89 -2.63 0.99
1.12 0.89 -2.63 0.91
1.19 0.89 -2.63 1.02
1.25 0.89 -2.63 0.85
1.31 0.89 -2.63 0.76
1.38 0.89 -2.63 0.86
1.44 0.89 -2.63 0.86
0.50 0.98 -2.63 2.47
0.56 0.98 -2.63 2.75
0.62 0.98 -2.63 2.02
0.69 0.98 -2.63 2.00
0.75 0.98 -2.63 2.10
0.81 0.98 -2.63 1.95
0.88 0.98 -2.63 1.47
0.94 0.98 -2.63 1.09
1.00 0.98 -2.63 1.42
1.06 0.98 -2.63 1.14
1.12 0.98 -2.63 0.95
1.19 0.98 -2.63 0.86
1.25 0.98 -2.63 0.88
1.31 0.98 -2.63 0.69
1.38 0.98 -2.63 0.75
1.44 0.98 -2.63 0.74
0.50 1.06 -2.63 2.45
0.56 1.06 -2.63 2.30
0.62 1.06 -2.63 2.41
0.69 1.06 -2.63 2.02
0.75 1.06 -2.63 1.80
0.81 1.06 -2.63 1.78
0.88 1.06 -2.63 1.07
0.94 1.06 -2.63 1.41
1.00 1.06 -2.63 1.27
1.06 1.06 -2.63 1.19
1.12 1.06 -2.63 1.11
1.19 1.06 -2.63 0.92
1.25 1.06 -2.63 0.98
1.31 1.06 -2.63 0.90
1.38 1.06 -2.63 0.72
1.44 1.06 -2.63 0.77
0.50 1.15 -2.63 2.56
0.56 1.15 -2.63 2.45
0.62 1.15 -2.63 1.60
0.69 1.15 -2.63 2.01
0.75 1.15 -2.63 1.65
0.81 1.15 -2.63 1.66
0.88 1.15 -2.63 1.46
0.94 1.15 -2.63 1.55
1.00 1.15 -2.63 1.60
1.06 1.15 -2.63 1.00
1.12 1.15 -2.63 1.02
1.19 1.15 -2.63 0.91
1.25 1.15 -2.63 0.87
1.31 1.15 -2.63 0.86
1.38 1.15 -2.63 0.74
1.44 1.15 -2.63 0.90
0.50 1.24 -2.63 2.58
0.56 1.24 -2.63 2.64
0.62 1.24 -2.63 2.73
0.69 1.24 -2.63 2.37
0.75 1.24 -2.63 2.39
0.81 1.24 -2.63 1.68
0.88 1.24 -2.63 1.81
0.94 1.24 -2.63 1.18
1.00 1.24 -2.63 1.68
1.06 1.24 -2.63 1.43
1.12 1.24 -2.63 1.27
1.19 1.24 -2.63 1.08
1.25 1.24 -2.63 1.18
1.31 1.24 -2.63 0.92
1.38 1.24 -2.63 0.92
1.44 1.24 -2.63 0.87
0.50 1.33 -2.63 3.26
0.56 1.33 -2.63 2.45
0.62 1.33 -2.63 2.74
0.69 1.33 -2.63 2.30
0.75 1.33 -2.63 2.55
0.81 1.33 -2.63 1.54
0.88 1.33 -2.63 2.10
0.94 1.33 -2.63 1.64
1.00 1.33 -2.63 1.93
1.06 1.33 -2.63 1.31
1.12 1.33 -2.63 1.35
1.19 1.33 -2.63 1.05
1.25 1.33 -2.63 1.26
1.31 1.33 -2.63 0.91
1.38 1.33 -2.63 0.93
1.44 1.33 -2.63 0.87
0.50 1.41 -2.63 2.48
0.56 1.41 -2.63 2.55
0.62 1.41 -2.63 2.90
0.69 1.41 -2.63 2.74
0.75 1.41 -2.63 2.31
0.81 1.41 -2.63 2.21
0.88 1.41 -2.63 1.32
0.94 1.41 -2.63 2.03
1.00 1.41 -2.63 1.59
1.06 1.41 -2.63 1.69
1.12 1.41 -2.63 2.08
1.19 1.41 -2.63 1.16
1.25 1.41 -2.63 1.45
1.31 1.41 -2.63 1.04
1.38 1.41 -2.63 0.91
1.44 1.41 -2.63 0.87
0.50 0.10 -2.31 81.41
0.56 0.10 -2.31 128.00
0.62 0.10 -2.31 172.36
0.69 0.10 -2.31 211.60
0.75 0.10 -2.31 313.08
0.81 0.10 -2.31 353.55
0.88 0.10 -2.31 479.06
0.94 0.10 -2.31 815.54
1.00 0.10 -2.31 906.01
1.06 0.10 -2.31 1150.56
1.12 0.10 -2.31 1610.86
1.19 0.10 -2.31 2441.45
1.25 0.10 -2.31 3319.58
1.31 0.10 -2.31 4817.61
1.38 0.10 -2.31 6278.02
1.44 0.10 -2.31 6340.06
0.50 0.19 -2.31 8.48
0.56 0.19 -2.31 9.81
0.62 0.19 -2.31 12.08
0.69 0.19 -2.31 17.10
0.75 0.19 -2.31 24.65
0.81 0.19 -2.31 41.30
0.88 0.19 -2.31 86.76
0.94 0.19 -2.31 82.77
1.00 0.19 -2.31 110.18
1.06 0.19 -2.31 117.42
1.12 0.19 -2.31 173.33
1.19 0.19 -2.31 285.27
1.25 0.19 -2.31 358.52
1.31 0.19 -2.31 448.07
1.38 0.19 -2.31 698.89
1.44 0.19 -2.31 946.88
0.50 0.28 -2.31 3.12
0.56 0.28 -2.31 2.65
0.62 0.28 -2.31 2.65
0.69 0.28 -2.31 3.43
0.75 0.28 -2.31 4.01
0.81 0.28 -2.31 6.55
0.88 0.28 -2.31 10.18
0.94 0.28 -2.31 14.45
1.00 0.28 -2.31 18.53
1.06 0.28 -2.31 25.45
1.12 0.28 -2.31 27.36
1.19 0.28 -2.31 57.26
1.25 0.28 -2.31 103.60
1.31 0.28 -2.31 74.72
1.38 0.28 -2.31 137.30
1.44 0.28 -2.31 209.25
0.50 0.36 -2.31 3.08
0.56 0.36 -2.31 2.30
0.62 0.36 -2.31 2.07
0.69 0.36 -2.31 1.84
0.75 0.36 -2.31 1.95
0.81 0.36 -2.31 2.09
0.88 0.36 -2.31 3.32
0.94 0.36 -2.31 3.78
1.00 0.36 -2.31 4.92
1.06 0.36 -2.31 5.39
1.12 0.36 -2.31 11.41
1.19 0.36 -2.31 16.69
1.25 0.36 -2.31 18.33
1.31 0.36 -2.31 34.81
1.38 0.36 -2.31 43.00
1.44 0.36 -2.31 52.98
0.50 0.45 -2.31 3.35
0.56 0.45 -2.31 2.57
0.62 0.45 -2.31 2.45
0.69 0.45 -2.31 1.89
0.75 0.45 -2.31 1.65
0.81 0.45 -2.31 1.26
0.88 0.45 -2.31 1.41
0.94 0.45 -2.31 1.44
1.00 0.45 -2.31 1.77
1.06 0.45 -2.31 2.52
1.12 0.45 -2.31 2.22
1.19 0.45 -2.31 5.29
1.25 0.45 -2.31 7.18
1.31 0.45 -2.31 8.38
1.38 0.45 -2.31 7.30
1.44 0.45 -2.31 22.23
0.50 0.54 -2.31 3.46
0.56 0.54 -2.31 3.67
0.62 0.54 -2.31 2.79
0.69 0.54 -2.31 2.21
0.75 0.54 -2.31 2.06
0.81 0.54 -2.31 1.43
0.88 0.54 -2.31 1.37
0.94 0.54 -2.31 1.28
1.00 0.54 -2.31 1.31
1.06 0.54 -2.31 1.17
1.12 0.54 -2.31 1.46
1.19 0.54 -2.31 1.47
1.25 0.54 -2.31 2.04
1.31 0.54 -2.31 3.02
1.38 0.54 -2.31 3.73
1.44 0.54 -2.31 6.04
0.50 0.62 -2.31 5.84
0.56 0.62 -2.31 3.74
0.62 0.62 -2.31 3.91
0.69 0.62 -2.31 2.61
0.75 0.62 -2.31 3.07
0.81 0.62 -2.31 2.69
0.88 0.62 -2.31 1.82
0.94 0.62 -2.31 1.68
1.00 0.62 -2.31 1.26
1.06 0.62 -2.31 1.39
1.12 0.62 -2.31 1.22
1.19 0.62 -2.31 1.62
1.25 0.62 -2.31 1.44
1.31 0.62 -2.31 1.92
1.38 0.62 -2.31 2.45
1.44 0.62 -2.31 5.23
0.50 0.71 -2.31 5.19
0.56 0.71 -2.31 4.79
0.62 0.71 -2.31 4.98
0.69 0.71 -2.31 4.06
0.75 0.71 -2.31 3.26
0.81 0.71 -2.31 2.39
0.88 0.71 -2.31 2.13
0.94 0.71 -2.31 1.77
1.00 0.71 -2.31 2.03
1.06 0.71 -2.31 1.36
1.12 0.71 -2.31 1.38
1.19 0.71 -2.31 1.21
1.25 0.71 -2.31 1.29
1.31 0.71 -2.31 1.62
1.38 0.71 -2.31 1.95
1.44 0.71 -2.31 3.08
0.50 0.80 -2.31 6.41
0.56 0.80 -2.31 6.40
0.62 0.80 -2.31 5.09
0.69 0.80 -2.31 4.31
0.75 0.80 -2.31 3.92
0.81 0.80 -2.31 2.74
0.88 0.80 -2.31 2.30
0.94 0.80 -2.31 2.03
1.00 0.80 -2.31 2.24
1.06 0.80 -2.31 2.07
1.12 0.80 -2.31 1.58
1.19 0.80 -2.31 1.72
1.25 0.80 -2.31 1.34
1.31 0.80 -2.31 1.33
1.38 0.80 -2.31 1.63
1.44 0.80 -2.31 1.33
0.50 0.89 -2.31 4.99
0.56 0.89 -2.31 4.36
0.62 0.89 -2.31 4.54
0.69 0.89 -2.31 4.21
0.75 0.89 -2.31 4.08
0.81 0.89 -2.31 3.82
0.88 0.89 -2.31 2.67
0.94 0.89 -2.31 2.79
1.00 0.89 -2.31 2.34
1.06 0.89 -2.31 2.51
1.12 0.89 -2.31 1.93
1.19 0.89 -2.31 1.55
1.25 0.89 -2.31 1.80
1.31 0.89 -2.31 1.17
1.38 0.89 -2.31 1.59
1.44 0.89 -2.31 1.52
0.50 0.98 -2.31 5.81
0.56 0.98 -2.31 4.76
0.62 0.98 -2.31 4.91
0.69 0.98 -2.31 4.10
0.75 0.98 -2.31 4.59
0.81 0.98 -2.31 3.86
0.88 0.98 -2.31 3.76
0.94 0.98 -2.31 3.21
1.00 0.98 -2.31 2.57
1.06 0.98 -2.31 2.33
1.12 0.98 -2.31 2.22
1.19 0.98 -2.31 1.90
1.25 0.98 -2.31 1.91
1.31 0.98 -2.31 1.93
1.38 0.98 -2.31 1.68
1.44 0.98 -2.31 1.60
0.50 1.06 -2.31 5.79
0.56 1.06 -2.31 5.41
0.62 1.06 -2.31 5.98
0.69 1.06 -2.31 4.37
0.75 1.06 -2.31 4.77
0.81 1.06 -2.31 3.68
0.88 1.06 -2.31 3.22
0.94 1.06 -2.31 3.13
1.00 1.06 -2.31 2.66
1.06 1.06 -2.31 2.86
1.12 1.06 -2.31 1.91
1.19 1.06 -2.31 1.83
1.25 1.06 -2.31 1.91
1.31 1.06 -2.31 1.64
1.38 1.06 -2.31 1.57
1.44 1.06 -2.31 1.56
0.50 1.15 -2.31 5.51
0.56 1.15 -2.31 5.38
0.62 1.15 -2.31 4.05
0.69 1.15 -2.31 4.59
0.75 1.15 -2.31 4.32
0.81 1.15 -2.31 4.14
0.88 1.15 -2.31 2.98
0.94 1.15 -2.31 3.16
1.00 1.15 -2.31 3.40
1.06 1.15 -2.31 3.45
1.12 1.15 -2.31 2.12
1.19 1.15 -2.31 2.53
1.25 1.15 -2.31 2.06
1.31 1.15 -2.31 2.14
1.38 1.15 -2.31 1.52
1.44 1.15 -2.31 1.78
0.50 1.24 -2.31 5.45
0.56 1.24 -2.31 5.52
0.62 1.24 -2.31 5.67
0.69 1.24 -2.31 5.54
0.75 1.24 -2.31 4.57
0.81 1.24 -2.31 3.51
0.88 1.24 -2.31 3.83
0.94 1.24 -2.31 2.98
1.00 1.24 -2.31 4.41
1.06 1.24 -2.31 3.20
1.12 1.24 -2.31 3.10
1.19 1.24 -2.31 2.80
1.25 1.24 -2.31 2.68
1.31 1.24 -2.31 2.26
1.38 1.24 -2.31 2.22
1.44 1.24 -2.31 2.16
0.50 1.33 -2.31 5.37
0.56 1.33 -2.31 6.12
0.62 1.33 -2.31 5.54
0.69 1.33 -2.31 4.21
0.75 1.33 -2.31 5.19
0.81 1.33 -2.31 3.95
0.88 1.33 -2.31 4.06
0.94 1.33 -2.31 4.36
1.00 1.33 -2.31 3.55
1.06 1.33 -2.31 3.50
1.12 1.33 -2.31 3.04
1.19 1.33 -2.31 3.15
1.25 1.33 -2.31 2.94
1.31 1.33 -2.31 2.25
1.38 1.33 -2.31 2.36
1.44 1.33 -2.31 1.97
0.50 1.41 -2.31 5.57
0.56 1.41 -2.31 5.49
0.62 1.41 -2.31 6.00
0.69 1.41 -2.31 4.56
0.75 1.41 -2.31 4.76
0.81 1.41 -2.31 4.65
0.88 1.41 -2.31 4.55
0.94 1.41 -2.31 4.04
1.00 1.41 -2.31 2.83
1.06 1.41 -2.31 3.27
1.12 1.41 -2.31 4.34
1.19 1.41 -2.31 2.55
1.25 1.41 -2.31 3.45
1.31 1.41 -2.31 2.52
1.38 1.41 -2.31 1.94
1.44 1.41 -2.31 1.84
0.50 0.10 -1.99 59.74
0.56 0.10 -1.99 83.11
0.62 0.10 -1.99 118.85
0.69 0.10 -1.99 214.19
0.75 0.10 -1.99 246.98
0.81 0.10 -1.99 304.70
0.88 0.10 -1.99 453.02
0.94 0.10 -1.99 695.53
1.00 0.10 -1.99 977.37
1.06 0.10 -1.99 1049.19
1.12 0.10 -1.99 1598.75
1.19 0.10 -1.99 2198.85
1.25 0.10 -1.99 3491.57
1.31 0.10 -1.99 4026.07
1.38 0.10 -1.99 5606.00
1.44 0.10 -1.99 7692.97
0.50 0.19 -1.99 5.55
0.56 0.19 -1.99 7.42
0.62 0.19 -1.99 9.04
0.69 0.19 -1.99 12.02
0.75 0.19 -1.99 18.19
0.81 0.19 -1.99 29.36
0.88 0.19 -1.99 35.54
0.94 0.19 -1.99 72.21
1.00 0.19 -1.99 94.04
1.06 0.19 -1.99 120.33
1.12 0.19 -1.99 173.65
1.19 0.19 -1.99 235.42
1.25 0.19 -1.99 350.01
1.31 0.19 -1.99 424.43
1.38 0.19 -1.99 590.44
1.44 0.19 -1.99 675.46
0.50 0.28 -1.99 5.04
0.56 0.28 -1.99 3.63
0.62 0.28 -1.99 2.89
0.69 0.28 -1.99 2.97
0.75 0.28 -1.99 3.55
0.81 0.28 -1.99 4.00
0.88 0.28 -1.99 6.15
0.94 0.28 -1.99 11.03
1.00 0.28 -1.99 15.50
1.06 0.28 -1.99 23.79
1.12 0.28 -1.99 32.10
1.19 0.28 -1.99 47.33
1.25 0.28 -1.99 53.47
1.31 0.28 -1.99 100.83
1.38 0.28 -1.99 142.17
1.44 0.28 -1.99 167.97
0.50 0.36 -1.99 6.24
0.56 0.36 -1.99 5.92
0.62 0.36 -1.99 4.26
0.69 0.36 -1.99 2.99
0.75 0.36 -1.99 3.03
0.81 0.36 -1.99 3.01
0.88 0.36 -1.99 2.62
0.94 0.36 -1.99 4.10
1.00 0.36 -1.99 4.96
1.06 0.36 -1.99 7.32
1.12 0.36 -1.99 12.59
1.19 0.36 -1.99 15.29
1.25 0.36 -1.99 23.73
1.31 0.36 -1.99 29.47
1.38 0.36 -1.99 53.22
1.44 0.36 -1.99 62.99
0.50 0.45 -1.99 8.38
0.56 0.45 -1.99 8.01
0.62 0.45 -1.99 5.47
0.69 0.45 -1.99 4.63
0.75 0.45 -1.99 4.00
0.81 0.45 -1.99 3.10
0.88 0.45 -1.99 2.72
0.94 0.45 -1.99 3.01
1.00 0.45 -1.99 3.01
1.06 0.45 -1.99 4.13
1.12 0.45 -1.99 5.07
1.19 0.45 -1.99 7.40
1.25 0.45 -1.99 8.54
1.31 0.45 -1.99 12.20
1.38 0.45 -1.99 18.17
1.44 0.45 -1.99 22.28
0.50 0.54 -1.99 10.09
0.56 0.54 -1.99 8.85
0.62 0.54 -1.99 7.80
0.69 0.54 -1.99 7.52
0.75 0.54 -1.99 4.57
0.81 0.54 -1.99 4.30
0.88 0.54 -1.99 3.31
0.94 0.54 -1.99 4.02
1.00 0.54 -1.99 3.71
1.06 0.54 -1.99 3.79
1.12 0.54 -1.99 3.81
1.19 0.54 -1.99 5.59
1.25 0.54 -1.99 4.59
1.31 0.54 -1.99 6.70
1.38 0.54 -1.99 6.20
1.44 0.54 -1.99 10.29
0.50 0.62 -1.99 11.53
0.56 0.62 -1.99 11.08
0.62 0.62 -1.99 7.57
0.69 0.62 -1.99 7.08
0.75 0.62 -1.99 6.74
0.81 0.62 -1.99 5.15
0.88 0.62 -1.99 4.31
0.94 0.62 -1.99 3.98
1.00 0.62 -1.99 4.41
1.06 0.62 -1.99 3.11
1.12 0.62 -1.99 3.61
1.19 0.62 -1.99 3.42
1.25 0.62 -1.99 3.99
1.31 0.62 -1.99 4.83
1.38 0.62 -1.99 5.33
1.44 0.62 -1.99 5.13
0.50 0.71 -1.99 11.14
0.56 0.71 -1.99 9.22
0.62 0.71 -1.99 8.89
0.69 0.71 -1.99 9.72
0.75 0.71 -1.99 6.09
0.81 0.71 -1.99 7.66
0.88 0.71 -1.99 4.86
0.94 0.71 -1.99 5.60
1.00 0.71 -1.99 3.95
1.06 0.71 -1.99 3.66
1.12 0.71 -1.99 3.42
1.19 0.71 -1.99 3.72
1.25 0.71 -1.99 3.58
1.31 0.71 -1.99 2.98
1.38 0.71 -1.99 2.89
1.44 0.71 -1.99 4.24
0.50 0.80 -1.99 10.64
0.56 0.80 -1.99 11.13
0.62 0.80 -1.99 12.46
0.69 0.80 -1.99 7.72
0.75 0.80 -1.99 10.06
0.81 0.80 -1.99 7.64
0.88 0.80 -1.99 5.42
0.94 0.80 -1.99 5.08
1.00 0.80 -1.99 5.54
1.06 0.80 -1.99 4.24
1.12 0.80 -1.99 4.49
1.19 0.80 -1.99 3.24
1.25 0.80 -1.99 3.21
1.31 0.80 -1.99 3.19
1.38 0.80 -1.99 4.29
1.44 0.80 -1.99 3.02
0.50 0.89 -1.99 11.10
0.56 0.89 -1.99 12.53
0.62 0.89 -1.99 12.29
0.69 0.89 -1.99 9.34
0.75 0.89 -1.99 9.14
0.81 0.89 -1.99 8.18
0.88 0.89 -1.99 6.81
0.94 0.89 -1.99 6.45
1.00 0.89 -1.99 6.39
1.06 0.89 -1.99 4.54
1.12 0.89 -1.99 4.03
1.19 0.89 -1.99 3.60
1.25 0.89 -1.99 3.86
1.31 0.89 -1.99 3.48
1.38 0.89 -1.99 3.30
1.44 0.89 -1.99 4.33
0.50 0.98 -1.99 13.68
0.56 0.98 -1.99 11.67
0.62 0.98 -1.99 11.50
0.69 0.98 -1.99 11.68
0.75 0.98 -1.99 9.68
0.81 0.98 -1.99 7.77
0.88 0.98 -1.99 7.77
0.94 0.98 -1.99 5.94
1.00 0.98 -1.99 6.55
1.06 0.98 -1.99 5.51
1.12 0.98 -1.99 6.14
1.19 0.98 -1.99 5.47
1.25 0.98 -1.99 4.78
1.31 0.98 -1.99 3.60
1.38 0.98 -1.99 3.95
1.44 0.98 -1.99 3.93
0.50 1.06 -1.99 15.41
0.56 1.06 -1.99 10.30
0.62 1.06 -1.99 12.09
0.69 1.06 -1.99 10.94
0.75 1.06 -1.99 10.13
0.81 1.06 -1.99 7.61
0.88 1.06 -1.99 7.28
0.94 1.06 -1.99 8.02
1.00 1.06 -1.99 8.11
1.06 1.06 -1.99 5.75
1.12 1.06 -1.99 5.72
1.19 1.06 -1.99 5.24
1.25 1.06 -1.99 4.90
1.31 1.06 -1.99 3.75
1.38 1.06 -1.99 4.18
1.44 1.06 -1.99 4.89
0.50 1.15 -1.99 12.49
0.56 1.15 -1.99 11.53
0.62 1.15 -1.99 13.89
0.69 1.15 -1.99 9.49
0.75 1.15 -1.99 11.22
0.81 1.15 -1.99 9.22
0.88 1.15 -1.99 8.77
0.94 1.15 -1.99 9.39
1.00 1.15 -1.99 8.17
1.06 1.15 -1.99 6.12
1.12 1.15 -1.99 6.82
1.19 1.15 -1.99 4.82
1.25 1.15 -1.99 4.18
1.31 1.15 -1.99 5.27
1.38 1.15 -1.99 4.58
1.44 1.15 -1.99 4.43
0.50 1.24 -1.99 13.32
0.56 1.24 -1.99 14.50
0.62 1.24 -1.99 9.99
0.69 1.24 -1.99 9.77
0.75 1.24 -1.99 9.27
0.81 1.24 -1.99 9.66
0.88 1.24 -1.99 9.85
0.94 1.24 -1.99 9.73
1.00 1.24 -1.99 9.23
1.06 1.24 -1.99 8.72
1.12 1.24 -1.99 6.71
1.19 1.24 -1.99 5.81
1.25 1.24 -1.99 5.45
1.31 1.24 -1.99 5.31
1.38 1.24 -1.99 4.84
1.44 1.24 -1.99 4.25
0.50 1.33 -1.99 11.17
0.56 1.33 -1.99 11.17
0.62 1.33 -1.99 9.36
0.69 1.33 -1.99 11.65
0.75 1.33 -1.99 12.71
0.81 1.33 -1.99 8.83
0.88 1.33 -1.99 9.70
0.94 1.33 -1.99 9.69
1.00 1.33 -1.99 6.84
1.06 1.33 -1.99 8.10
1.12 1.33 -1.99 6.20
1.19 1.33 -1.99 5.68
1.25 1.33 -1.99 5.34
1.31 1.33 -1.99 5.85
1.38 1.33 -1.99 4.78
1.44 1.33 -1.99 4.61
0.50 1.41 -1.99 10.89
0.56 1.41 -1.99 13.07
0.62 1.41 -1.99 12.27
0.69 1.41 -1.99 10.63
0.75 1.41 -1.99 12.23
0.81 1.41 -1.99 9.92
0.88 1.41 -1.99 8.34
0.94 1.41 -1.99 10.22
1.00 1.41 -1.99 9.50
1.06 1.41 -1.99 7.31
1.12 1.41 -1.99 8.24
1.19 1.41 -1.99 5.94
1.25 1.41 -1.99 6.43
1.31 1.41 -1.99 5.67
1.38 1.41 -1.99 6.23
1.44 1.41 -1.99 5.14
0.50 0.10 -1.68 63.03
0.56 0.10 -1.68 83.33
0.62 0.10 -1.68 122.57
0.69 0.10 -1.68 189.60
0.75 0.10 -1.68 283.88
0.81 0.10 -1.68 430.84
0.88 0.10 -1.68 567.10
0.94 0.10 -1.68 735.23
1.00 0.10 -1.68 981.35
1.06 0.10 -1.68 1542.14
1.12 0.10 -1.68 1856.60
1.19 0.10 -1.68 2882.57
1.25 0.10 -1.68 3667.01
1.31 0.10 -1.68 5247.52
1.38 0.10 -1.68 7852.41
1.44 0.10 -1.68 8241.93
0.50 0.19 -1.68 8.63
0.56 0.19 -1.68 9.55
0.62 0.19 -1.68 10.00
0.69 0.19 -1.68 14.30
0.75 0.19 -1.68 23.62
0.81 0.19 -1.68 32.41
0.88 0.19 -1.68 51.04
0.94 0.19 -1.68 80.41
1.00 0.19 -1.68 97.67
1.06 0.19 -1.68 188.85
1.12 0.19 -1.68 202.59
1.19 0.19 -1.68 346.48
1.25 0.19 -1.68 416.16
1.31 0.19 -1.68 583.18
1.38 0.19 -1.68 913.58
1.44 0.19 -1.68 990.41
0.50 0.28 -1.68 10.88
0.56 0.28 -1.68 10.34
0.62 0.28 -1.68 7.32
0.69 0.28 -1.68 5.45
0.75 0.28 -1.68 6.70
0.81 0.28 -1.68 9.46
0.88 0.28 -1.68 18.18
0.94 0.28 -1.68 20.28
1.00 0.28 -1.68 24.69
1.06 0.28 -1.68 35.16
1.12 0.28 -1.68 57.87
1.19 0.28 -1.68 81.00
1.25 0.28 -1.68 143.24
1.31 0.28 -1.68 178.46
1.38 0.28 -1.68 254.41
1.44 0.28 -1.68 327.76
0.50 0.36 -1.68 15.18
0.56 0.36 -1.68 13.35
0.62 0.36 -1.68 9.79
0.69 0.36 -1.68 8.47
0.75 0.36 -1.68 8.06
0.81 0.36 -1.68 7.94
0.88 0.36 -1.68 8.30
0.94 0.36 -1.68 9.79
1.00 0.36 -1.68 12.92
1.06 0.36 -1.68 15.88
1.12 0.36 -1.68 22.21
1.19 0.36 -1.68 36.24
1.25 0.36 -1.68 39.78
1.31 0.36 -1.68 61.63
1.38 0.36 -1.68 82.08
1.44 0.36 -1.68 146.45
0.50 0.45 -1.68 20.27
0.56 0.45 -1.68 20.16
0.62 0.45 -1.68 12.39
0.69 0.45 -1.68 10.51
0.75 0.45 -1.68 9.97
0.81 0.45 -1.68 7.61
0.88 0.45 -1.68 6.56
0.94 0.45 -1.68 8.17
1.00 0.45 -1.68 10.14
1.06 0.45 -1.68 9.91
1.12 0.45 -1.68 14.32
1.19 0.45 -1.68 15.05
1.25 0.45 -1.68 25.17
1.31 0.45 -1.68 24.39
1.38 0.45 -1.68 52.93
1.44 0.45 -1.68 64.04
0.50 0.54 -1.68 24.49
0.56 0.54 -1.68 19.74
0.62 0.54 -1.68 17.80
0.69 0.54 -1.68 12.62
0.75 0.54 -1.68 12.64
0.81 0.54 -1.68 11.16
0.88 0.54 -1.68 8.23
0.94 0.54 -1.68 8.69
1.00 0.54 -1.68 8.69
1.06 0.54 -1.68 8.22
1.12 0.54 -1.68 9.86
1.19 0.54 -1.68 14.79
1.25 0.54 -1.68 11.52
1.31 0.54 -1.68 19.45
1.38 0.54 -1.68 24.61
1.44 0.54 -1.68 28.07
0.50 0.62 -1.68 26.28
0.56 0.62 -1.68 23.16
0.62 0.62 -1.68 20.26
0.69 0.62 -1.68 18.12
0.75 0.62 -1.68 14.55
0.81 0.62 -1.68 13.25
0.88 0.62 -1.68 9.93
0.94 0.62 -1.68 9.34
1.00 0.62 -1.68 9.65
1.06 0.62 -1.68 8.57
1.12 0.62 -1.68 8.74
1.19 0.62 -1.68 8.17
1.25 0.62 -1.68 8.17
1.31 0.62 -1.68 12.11
1.38 0.62 -1.68 14.37
1.44 0.62 -1.68 20.72
0.50 0.71 -1.68 21.33
0.56 0.71 -1.68 21.64
0.62 0.71 -1.68 20.91
0.69 0.71 -1.68 20.50
0.75 0.71 -1.68 16.22
0.81 0.71 -1.68 18.43
0.88 0.71 -1.68 13.31
0.94 0.71 -1.68 11.34
1.00 0.71 -1.68 11.72
1.06 0.71 -1.68 10.80
1.12 0.71 -1.68 7.22
1.19 0.71 -1.68 9.34
1.25 0.71 -1.68 7.90
1.31 0.71 -1.68 10.14
1.38 0.71 -1.68 11.44
1.44 0.71 -1.68 11.84
0.50 0.80 -1.68 26.35
0.56 0.80 -1.68 23.40
0.62 0.80 -1.68 31.01
0.69 0.80 -1.68 26.84
0.75 0.80 -1.68 17.95
0.81 0.80 -1.68 19.85
0.88 0.80 -1.68 12.93
0.94 0.80 -1.68 12.29
1.00 0.80 -1.68 10.75
1.06 0.80 -1.68 10.13
1.12 0.80 -1.68 9.35
1.19 0.80 -1.68 7.99
1.25 0.80 -1.68 9.16
1.31 0.80 -1.68 8.48
1.38 0.80 -1.68 8.96
1.44 0.80 -1.68 13.92
0.50 0.89 -1.68 22.36
0.56 0.89 -1.68 28.36
0.62 0.89 -1.68 22.08
0.69 0.89 -1.68 25.99
0.75 0.89 -1.68 20.26
0.81 0.89 -1.68 16.18
0.88 0.89 -1.68 14.95
0.94 0.89 -1.68 14.73
1.00 0.89 -1.68 14.24
1.06 0.89 -1.68 10.84
1.12 0.89 -1.68 9.87
1.19 0.89 -1.68 8.94
1.25 0.89 -1.68 9.18
1.31 0.89 -1.68 8.87
1.38 0.89 -1.68 9.35
1.44 0.89 -1.68 8.85
0.50 0.98 -1.68 22.32
0.56 0.98 -1.68 24.00
0.62 0.98 -1.68 27.75
0.69 0.98 -1.68 21.19
0.75 0.98 -1.68 22.15
0.81 0.98 -1.68 21.08
0.88 0.98 -1.68 18.74
0.94 0.98 -1.68 15.21
1.00 0.98 -1.68 13.86
1.06 0.98 -1.68 12.81
1.12 0.98 -1.68 11.57
1.19 0.98 -1.68 10.22
1.25 0.98 -1.68 10.01
1.31 0.98 -1.68 8.41
1.38 0.98 -1.68 7.85
1.44 0.98 -1.68 8.27
0.50 1.06 -1.68 24.19
0.56 1.06 -1.68 26.79
0.62 1.06 -1.68 26.97
0.69 1.06 -1.68 22.55
0.75 1.06 -1.68 21.97
0.81 1.06 -1.68 24.71
0.88 1.06 -1.68 18.04
0.94 1.06 -1.68 16.28
1.00 1.06 -1.68 14.26
1.06 1.06 -1.68 12.92
1.12 1.06 -1.68 12.41
1.19 1.06 -1.68 9.80
1.25 1.06 -1.68 10.65
1.31 1.06 -1.68 8.15
1.38 1.06 -1.68 9.09
1.44 1.06 -1.68 10.29
0.50 1.15 -1.68 22.60
0.56 1.15 -1.68 28.99
0.62 1.15 -1.68 31.39
0.69 1.15 -1.68 25.78
0.75 1.15 -1.68 27.03
0.81 1.15 -1.68 22.89
0.88 1.15 -1.68 24.37
0.94 1.15 -1.68 17.55
1.00 1.15 -1.68 15.89
1.06 1.15 -1.68 15.89
1.12 1.15 -1.68 13.32
1.19 1.15 -1.68 12.54
1.25 1.15 -1.68 11.11
1.31 1.15 -1.68 11.37
1.38 1.15 -1.68 10.45
1.44 1.15 -1.68 7.12
0.50 1.24 -1.68 20.73
0.56 1.24 -1.68 29.97
0.62 1.24 -1.68 22.18
0.69 1.24 -1.68 20.85
0.75 1.24 -1.68 26.60
0.81 1.24 -1.68 21.63
0.88 1.24 -1.68 20.27
0.94 1.24 -1.68 17.59
1.00 1.24 -1.68 18.13
1.06 1.24 -1.68 17.48
1.12 1.24 -1.68 15.71
1.19 1.24 -1.68 9.91
1.25 1.24 -1.68 13.57
1.31 1.24 -1.68 12.34
1.38 1.24 -1.68 10.00
1.44 1.24 -1.68 10.39
0.50 1.33 -1.68 25.23
0.56 1.33 -1.68 29.56
0.62 1.33 -1.68 28.25
0.69 1.33 -1.68 23.89
0.75 1.33 -1.68 25.13
0.81 1.33 -1.68 24.73
0.88 1.33 -1.68 16.97
0.94 1.33 -1.68 20.74
1.00 1.33 -1.68 20.79
1.06 1.33 -1.68 17.55
1.12 1.33 -1.68 15.63
1.19 1.33 -1.68 12.90
1.25 1.33 -1.68 13.91
1.31 1.33 -1.68 11.73
1.38 1.33 -1.68 12.49
1.44 1.33 -1.68 9.89
0.50 1.41 -1.68 24.20
0.56 1.41 -1.68 25.39
0.62 1.41 -1.68 29.94
0.69 1.41 -1.68 25.12
0.75 1.41 -1.68 23.17
0.81 1.41 -1.68 21.78
0.88 1.41 -1.68 22.28
0.94 1.41 -1.68 19.09
1.00 1.41 -1.68 19.18
1.06 1.41 -1.68 18.29
1.12 1.41 -1.68 14.25
1.19 1.41 -1.68 13.13
1.25 1.41 -1.68 12.59
1.31 1.41 -1.68 10.37
1.38 1.41 -1.68 12.67
1.44 1.41 -1.68 10.65
0.50 0.10 -1.36 74.16
0.56 0.10 -1.36 94.24
0.62 0.10 -1.36 134.73
0.69 0.10 -1.36 211.42
0.75 0.10 -1.36 353.07
0.81 0.10 -1.36 543.70
0.88 0.10 -1.36 703.30
0.94 0.10 -1.36 1119.51
1.00 0.10 -1.36 1677.55
1.06 0.10 -1.36 2123.16
1.12 0.10 -1.36 2775.18
1.19 0.10 -1.36 4003.38
1.25 0.10 -1.36 5487.49
1.31 0.10 -1.36 7106.32
1.38 0.10 -1.36 11754.42
1.44 0.10 -1.36 14408.10
0.50 0.19 -1.36 15.39
0.56 0.19 -1.36 14.67
0.62 0.19 -1.36 18.20
0.69 0.19 -1.36 24.52
0.75 0.19 -1.36 33.80
0.81 0.19 -1.36 61.08
0.88 0.19 -1.36 115.26
0.94 0.19 -1.36 145.89
1.00 0.19 -1.36 223.97
1.06 0.19 -1.36 316.04
1.12 0.19 -1.36 457.79
1.19 0.19 -1.36 673.79
1.25 0.19 -1.36 772.82
1.31 0.19 -1.36 1344.32
1.38 0.19 -1.36 1557.09
1.44 0.19 -1.36 2277.04
0.50 0.28 -1.36 22.71
0.56 0.28 -1.36 16.78
0.62 0.28 -1.36 17.27
0.69 0.28 -1.36 15.23
0.75 0.28 -1.36 18.33
0.81 0.28 -1.36 22.30
0.88 0.28 -1.36 30.77
0.94 0.28 -1.36 45.24
1.00 0.28 -1.36 74.81
1.06 0.28 -1.36 102.37
1.12 0.28 -1.36 156.35
1.19 0.28 -1.36 241.97
1.25 0.28 -1.36 291.97
1.31 0.28 -1.36 405.52
1.38 0.28 -1.36 620.06
1.44 0.28 -1.36 704.04
0.50 0.36 -1.36 29.94
0.56 0.36 -1.36 25.71
0.62 0.36 -1.36 22.22
0.69 0.36 -1.36 16.98
0.75 0.36 -1.36 17.81
0.81 0.36 -1.36 20.66
0.88 0.36 -1.36 19.50
0.94 0.36 -1.36 22.98
1.00 0.36 -1.36 34.17
1.06 0.36 -1.36 57.92
1.12 0.36 -1.36 76.53
1.19 0.36 -1.36 79.65
1.25 0.36 -1.36 148.13
1.31 0.36 -1.36 174.41
1.38 0.36 -1.36 213.82
1.44 0.36 -1.36 366.06
0.50 0.45 -1.36 40.13
0.56 0.45 -1.36 29.87
0.62 0.45 -1.36 26.36
0.69 0.45 -1.36 19.60
0.75 0.45 -1.36 19.20
0.81 0.45 -1.36 21.67
0.88 0.45 -1.36 20.75
0.94 0.45 -1.36 19.91
1.00 0.45 -1.36 23.03
1.06 0.45 -1.36 27.45
1.12 0.45 -1.36 33.74
1.19 0.45 -1.36 54.16
1.25 0.45 -1.36 59.92
1.31 0.45 -1.36 72.96
1.38 0.45 -1.36 130.87
1.44 0.45 -1.36 164.83
0.50 0.54 -1.36 39.55
0.56 0.54 -1.36 35.89
0.62 0.54 -1.36 35.51
0.69 0.54 -1.36 26.33
0.75 0.54 -1.36 24.99
0.81 0.54 -1.36 21.90
0.88 0.54 -1.36 22.50
0.94 0.54 -1.36 19.04
1.00 0.54 -1.36 21.17
1.06 0.54 -1.36 18.52
1.12 0.54 -1.36 30.25
1.19 0.54 -1.36 29.41
1.25 0.54 -1.36 35.74
1.31 0.54 -1.36 65.07
1.38 0.54 -1.36 77.77
1.44 0.54 -1.36 104.21
0.50 0.62 -1.36 44.09
0.56 0.62 -1.36 39.78
0.62 0.62 -1.36 34.66
0.69 0.62 -1.36 36.32
0.75 0.62 -1.36 27.09
0.81 0.62 -1.36 25.06
0.88 0.62 -1.36 22.53
0.94 0.62 -1.36 21.24
1.00 0.62 -1.36 17.60
1.06 0.62 -1.36 22.06
1.12 0.62 -1.36 22.57
1.19 0.62 -1.36 26.08
1.25 0.62 -1.36 28.56
1.31 0.62 -1.36 42.11
1.38 0.62 -1.36 39.73
1.44 0.62 -1.36 61.44
0.50 0.71 -1.36 40.27
0.56 0.71 -1.36 42.37
0.62 0.71 -1.36 41.47
0.69 0.71 -1.36 36.12
0.75 0.71 -1.36 31.24
0.81 0.71 -1.36 29.35
0.88 0.71 -1.36 23.36
0.94 0.71 -1.36 23.78
1.00 0.71 -1.36 18.41
1.06 0.71 -1.36 18.67
1.12 0.71 -1.36 20.65
1.19 0.71 -1.36 23.27
1.25 0.71 -1.36 26.19
1.31 0.71 -1.36 30.90
1.38 0.71 -1.36 33.08
1.44 0.71 -1.36 36.79
0.50 0.80 -1.36 41.21
0.56 0.80 -1.36 46.17
0.62 0.80 -1.36 47.13
0.69 0.80 -1.36 40.30
0.75 0.80 -1.36 35.18
0.81 0.80 -1.36 28.75
0.88 0.80 -1.36 25.89
0.94 0.80 -1.36 26.32
1.00 0.80 -1.36 23.82
1.06 0.80 -1.36 18.06
1.12 0.80 -1.36 18.84
1.19 0.80 -1.36 21.61
1.25 0.80 -1.36 22.33
1.31 0.80 -1.36 21.58
1.38 0.80 -1.36 23.20
1.44 0.80 -1.36 29.58
0.50 0.89 -1.36 42.21
0.56 0.89 -1.36 41.90
0.62 0.89 -1.36 43.53
0.69 0.89 -1.36 40.85
0.75 0.89 -1.36 37.36
0.81 0.89 -1.36 32.46
0.88 0.89 -1.36 31.51
0.94 0.89 -1.36 26.76
1.00 0.89 -1.36 24.90
1.06 0.89 -1.36 27.13
1.12 0.89 -1.36 22.55
1.19 0.89 -1.36 17.70
1.25 0.89 -1.36 20.60
1.31 0.89 -1.36 26.31
1.38 0.89 -1.36 25.98
1.44 0.89 -1.36 26.78
0.50 0.98 -1.36 43.05
0.56 0.98 -1.36 46.17
0.62 0.98 -1.36 43.56
0.69 0.98 -1.36 46.38
0.75 0.98 -1.36 44.75
0.81 0.98 -1.36 34.43
0.88 0.98 -1.36 37.87
0.94 0.98 -1.36 28.07
1.00 0.98 -1.36 28.75
1.06 0.98 -1.36 23.47
1.12 0.98 -1.36 23.98
1.19 0.98 -1.36 20.77
1.25 0.98 -1.36 18.58
1.31 0.98 -1.36 25.79
1.38 0.98 -1.36 23.33
1.44 0.98 -1.36 28.01
0.50 1.06 -1.36 43.96
0.56 1.06 -1.36 40.39
0.62 1.06 -1.36 47.04
0.69 1.06 -1.36 47.34
0.75 1.06 -1.36 44.03
0.81 1.06 -1.36 39.16
0.88 1.06 -1.36 38.52
0.94 1.06 -1.36 30.95
1.00 1.06 -1.36 30.10
1.06 1.06 -1.36 26.10
1.12 1.06 -1.36 26.16
1.19 1.06 -1.36 22.33
1.25 1.06 -1.36 22.42
1.31 1.06 -1.36 22.72
1.38 1.06 -1.36 22.85
1.44 1.06 -1.36 24.95
0.50 1.15 -1.36 39.86
0.56 1.15 -1.36 49.48
0.62 1.15 -1.36 44.63
0.69 1.15 -1.36 43.52
0.75 1.15 -1.36 44.10
0.81 1.15 -1.36 45.70
0.88 1.15 -1.36 36.75
0.94 1.15 -1.36 36.96
1.00 1.15 -1.36 33.59
1.06 1.15 -1.36 24.50
1.12 1.15 -1.36 26.82
1.19 1.15 -1.36 25.09
1.25 1.15 -1.36 25.27
1.31 1.15 -1.36 22.74
1.38 1.15 -1.36 21.73
1.44 1.15 -1.36 17.48
0.50 1.24 -1.36 39.52
0.56 1.24 -1.36 43.12
0.62 1.24 -1.36 43.51
0.69 1.24 -1.36 42.25
0.75 1.24 -1.36 38.51
0.81 1.24 -1.36 45.11
0.88 1.24 -1.36 41.82
0.94 1.24 -1.36 34.48
1.00 1.24 -1.36 32.56
1.06 1.24 -1.36 33.18
1.12 1.24 -1.36 29.88
1.19 1.24 -1.36 29.30
1.25 1.24 -1.36 24.16
1.31 1.24 -1.36 24.65
1.38 1.24 -1.36 20.37
1.44 1.24 -1.36 20.57
0.50 1.33 -1.36 41.66
0.56 1.33 -1.36 44.34
0.62 1.33 -1.36 50.22
0.69 1.33 -1.36 45.14
0.75 1.33 -1.36 48.98
0.81 1.33 -1.36 42.38
0.88 1.33 -1.36 43.06
0.94 1.33 -1.36 39.23
1.00 1.33 -1.36 33.52
1.06 1.33 -1.36 35.26
1.12 1.33 -1.36 28.37
1.19 1.33 -1.36 29.36
1.25 1.33 -1.36 27.90
1.31 1.33 -1.36 27.80
1.38 1.33 -1.36 26.49
1.44 1.33 -1.36 23.12
0.50 1.41 -1.36 41.75
0.56 1.41 -1.36 40.01
0.62 1.41 -1.36 47.86
0.69 1.41 -1.36 41.76
0.75 1.41 -1.36 47.22
0.81 1.41 -1.36 41.15
0.88 1.41 -1.36 46.55
0.94 1.41 -1.36 34.28
1.00 1.41 -1.36 35.48
1.06 1.41 -1.36 35.21
1.12 1.41 -1.36 38.17
1.19 1.41 -1.36 32.80
1.25 1.41 -1.36 27.45
1.31 1.41 -1.36 24.23
1.38 1.41 -1.36 24.26
1.44 1.41 -1.36 22.53
0.50 0.10 -1.04 108.83
0.56 0.10 -1.04 151.62
0.62 0.10 -1.04 203.11
0.69 0.10 -1.04 384.93
0.75 0.10 -1.04 619.41
0.81 0.10 -1.04 851.74
0.88 0.10 -1.04 1349.20
0.94 0.10 -1.04 1966.22
1.00 0.10 -1.04 2844.74
1.06 0.10 -1.04 3807.24
1.12 0.10 -1.04 5750.41
1.19 0.10 -1.04 7470.43
1.25 0.10 -1.04 11406.12
1.31 0.10 -1.04 15007.60
1.38 0.10 -1.04 20944.36
1.44 0.10 -1.04 24977.58
0.50 0.19 -1.04 33.63
0.56 0.19 -1.04 34.43
0.62 0.19 -1.04 38.01
0.69 0.19 -1.04 53.68
0.75 0.19 -1.04 98.15
0.81 0.19 -1.04 141.24
0.88 0.19 -1.04 222.09
0.94 0.19 -1.04 380.13
1.00 0.19 -1.04 546.48
1.06 0.19 -1.04 772.54
1.12 0.19 -1.04 1103.30
1.19 0.19 -1.04 1667.91
1.25 0.19 -1.04 2141.96
1.31 0.19 -1.04 3175.29
1.38 0.19 -1.04 4395.67
1.44 0.19 -1.04 6584.27
0.50 0.28 -1.04 34.25
0.56 0.28 -1.04 30.75
0.62 0.28 -1.04 29.95
0.69 0.28 -1.04 39.12
0.75 0.28 -1.04 44.66
0.81 0.28 -1.04 64.26
0.88 0.28 -1.04 89.97
0.94 0.28 -1.04 143.07
1.00 0.28 -1.04 188.96
1.06 0.28 -1.04 274.88
1.12 0.28 -1.04 375.88
1.19 0.28 -1.04 666.84
1.25 0.28 -1.04 986.67
1.31 0.28 -1.04 1177.74
1.38 0.28 -1.04 1566.06
1.44 0.28 -1.04 2085.12
0.50 0.36 -1.04 43.43
0.56 0.36 -1.04 34.70
0.62 0.36 -1.04 33.12
0.69 0.36 -1.04 33.81
0.75 0.36 -1.04 34.12
0.81 0.36 -1.04 42.23
0.88 0.36 -1.04 62.03
0.94 0.36 -1.04 84.78
1.00 0.36 -1.04 102.57
1.06 0.36 -1.04 141.64
1.12 0.36 -1.04 221.18
1.19 0.36 -1.04 275.52
1.25 0.36 -1.04 346.91
1.31 0.36 -1.04 550.58
1.38 0.36 -1.04 755.34
1.44 0.36 -1.04 1006.46
0.50 0.45 -1.04 50.30
0.56 0.45 -1.04 44.79
0.62 0.45 -1.04 37.53
0.69 0.45 -1.04 40.21
0.75 0.45 -1.04 35.72
0.81 0.45 -1.04 38.40
0.88 0.45 -1.04 40.36
0.94 0.45 -1.04 52.96
1.00 0.45 -1.04 75.72
1.06 0.45 -1.04 92.90
1.12 0.45 -1.04 97.95
1.19 0.45 -1.04 162.78
1.25 0.45 -1.04 211.26
1.31 0.45 -1.04 292.81
1.38 0.45 -1.04 434.73
1.44 0.45 -1.04 685.22
0.50 0.54 -1.04 57.39
0.56 0.54 -1.04 48.18
0.62 0.54 -1.04 43.41
0.69 0.54 -1.04 41.32
0.75 0.54 -1.04 42.54
0.81 0.54 -1.04 36.33
0.88 0.54 -1.04 46.52
0.94 0.54 -1.04 48.66
1.00 0.54 -1.04 53.69
1.06 0.54 -1.04 61.72
1.12 0.54 -1.04 71.53
1.19 0.54 -1.04 91.83
1.25 0.54 -1.04 148.15
1.31 0.54 -1.04 156.37
1.38 0.54 -1.04 195.67
1.44 0.54 -1.04 279.36
0.50 0.62 -1.04 53.88
0.56 0.62 -1.04 52.18
0.62 0.62 -1.04 50.75
0.69 0.62 -1.04 41.89
0.75 0.62 -1.04 41.55
0.81 0.62 -1.04 42.41
0.88 0.62 -1.04 39.15
0.94 0.62 -1.04 38.64
1.00 0.62 -1.04 41.12
1.06 0.62 -1.04 44.49
1.12 0.62 -1.04 59.09
1.19 0.62 -1.04 81.75
1.25 0.62 -1.04 81.94
1.31 0.62 -1.04 120.95
1.38 0.62 -1.04 140.84
1.44 0.62 -1.04 203.93
0.50 0.71 -1.04 52.54
0.56 0.71 -1.04 51.20
0.62 0.71 -1.04 48.96
0.69 0.71 -1.04 52.29
0.75 0.71 -1.04 45.12
0.81 0.71 -1.04 43.77
0.88 0.71 -1.04 38.45
0.94 0.71 -1.04 45.47
1.00 0.71 -1.04 49.77
1.06 0.71 -1.04 42.43
1.12 0.71 -1.04 51.08
1.19 0.71 -1.04 58.42
1.25 0.71 -1.04 66.36
1.31 0.71 -1.04 99.01
1.38 0.71 -1.04 107.57
1.44 0.71 -1.04 147.37
0.50 0.80 -1.04 59.57
0.56 0.80 -1.04 52.25
0.62 0.80 -1.04 51.84
0.69 0.80 -1.04 51.53
0.75 0.80 -1.04 49.01
0.81 0.80 -1.04 44.18
0.88 0.80 -1.04 41.96
0.94 0.80 -1.04 39.28
1.00 0.80 -1.04 42.53
1.06 0.80 -1.04 45.10
1.12 0.80 -1.04 46.28
1.19 0.80 -1.04 51.31
1.25 0.80 -1.04 60.43
1.31 0.80 -1.04 67.11
1.38 0.80 -1.04 83.21
1.44 0.80 -1.04 103.62
0.50 0.89 -1.04 53.33
0.56 0.89 -1.04 55.77
0.62 0.89 -1.04 55.44
0.69 0.89 -1.04 46.29
0.75 0.89 -1.04 52.05
0.81 0.89 -1.04 51.58
0.88 0.89 -1.04 45.59
0.94 0.89 -1.04 46.21
1.00 0.89 -1.04 47.19
1.06 0.89 -1.04 42.23
1.12 0.89 -1.04 42.26
1.19 0.89 -1.04 48.22
1.25 0.89 -1.04 52.26
1.31 0.89 -1.04 58.75
1.38 0.89 -1.04 70.24
1.44 0.89 -1.04 85.26
0.50 0.98 -1.04 49.24
0.56 0.98 -1.04 52.13
0.62 0.98 -1.04 48.02
0.69 0.98 -1.04 52.19
0.75 0.98 -1.04 51.68
0.81 0.98 -1.04 53.01
0.88 0.98 -1.04 52.98
0.94 0.98 -1.04 45.52
1.00 0.98 -1.04 45.75
1.06 0.98 -1.04 45.50
1.12 0.98 -1.04 43.49
1.19 0.98 -1.04 44.94
1.25 0.98 -1.04 55.89
1.31 0.98 -1.04 47.65
1.38 0.98 -1.04 58.00
1.44 0.98 -1.04 71.56
0.50 1.06 -1.04 56.69
0.56 1.06 -1.04 57.81
0.62 1.06 -1.04 57.82
0.69 1.06 -1.04 56.16
0.75 1.06 -1.04 51.87
0.81 1.06 -1.04 53.85
0.88 1.06 -1.04 47.00
0.94 1.06 -1.04 51.66
1.00 1.06 -1.04 46.85
1.06 1.06 -1.04 51.75
1.12 1.06 -1.04 52.66
1.19 1.06 -1.04 46.76
1.25 1.06 -1.04 48.44
1.31 1.06 -1.04 54.93
1.38 1.06 -1.04 63.76
1.44 1.06 -1.04 59.01
0.50 1.15 -1.04 56.92
0.56 1.15 -1.04 53.80
0.62 1.15 -1.04 53.93
0.69 1.15 -1.04 56.71
0.75 1.15 -1.04 55.50
0.81 1.15 -1.04 50.49
0.88 1.15 -1.04 50.14
0.94 1.15 -1.04 53.99
1.00 1.15 -1.04 50.83
1.06 1.15 -1.04 50.66
1.12 1.15 -1.04 44.36
1.19 1.15 -1.04 46.15
1.25 1.15 -1.04 49.41
1.31 1.15 -1.04 42.79
1.38 1.15 -1.04 53.03
1.44 1.15 -1.04 45.53
0.50 1.24 -1.04 51.85
0.56 1.24 -1.04 55.21
0.62 1.24 -1.04 57.62
0.69 1.24 -1.04 56.95
0.75 1.24 -1.04 57.12
0.81 1.24 -1.04 53.67
0.88 1.24 -1.04 53.05
0.94 1.24 -1.04 51.76
1.00 1.24 -1.04 49.25
1.06 1.24 -1.04 46.75
1.12 1.24 -1.04 46.11
1.19 1.24 -1.04 45.54
1.25 1.24 -1.04 47.23
1.31 1.24 -1.04 47.17
1.38 1.24 -1.04 45.80
1.44 1.24 -1.04 50.70
0.50 1.33 -1.04 53.00
0.56 1.33 -1.04 56.24
0.62 1.33 -1.04 60.86
0.69 1.33 -1.04 53.59
0.75 1.33 -1.04 55.03
0.81 1.33 -1.04 54.67
0.88 1.33 -1.04 56.02
0.94 1.33 -1.04 50.97
1.00 1.33 -1.04 48.23
1.06 1.33 -1.04 55.73
1.12 1.33 -1.04 52.37
1.19 1.33 -1.04 46.66
1.25 1.33 -1.04 50.92
1.31 1.33 -1.04 45.08
1.38 1.33 -1.04 49.29
1.44 1.33 -1.04 45.05
0.50 1.41 -1.04 58.03
0.56 1.41 -1.04 54.73
0.62 1.41 -1.04 56.68
0.69 1.41 -1.04 55.13
0.75 1.41 -1.04 55.26
0.81 1.41 -1.04 57.38
0.88 1.41 -1.04 52.30
0.94 1.41 -1.04 55.09
1.00 1.41 -1.04 51.44
1.06 1.41 -1.04 49.12
1.12 1.41 -1.04 50.96
1.19 1.41 -1.04 48.83
1.25 1.41 -1.04 49.93
1.31 1.41 -1.04 49.08
1.38 1.41 -1.04 49.85
1.44 1.41 -1.04 48.37
0.50 0.10 -0.72 226.69
0.56 0.10 -0.72 298.43
0.62 0.10 -0.72 442.85
0.69 0.10 -0.72 803.27
0.75 0.10 -0.72 1300.85
0.81 0.10 -0.72 1983.88
0.88 0.10 -0.72 3137.42
0.94 0.10 -0.72 4780.22
1.00 0.10 -0.72 6955.71
1.06 0.10 -0.72 10540.32
1.12 0.10 -0.72 16543.83
1.19 0.10 -0.72 20996.72
1.25 0.10 -0.72 24830.04
1.31 0.10 -0.72 35219.68
1.38 0.10 -0.72 47216.07
1.44 0.10 -0.72 67256.37
0.50 0.19 -0.72 74.29
0.56 0.19 -0.72 62.68
0.62 0.19 -0.72 88.67
0.69 0.19 -0.72 160.43
0.75 0.19 -0.72 247.26
0.81 0.19 -0.72 386.71
0.88 0.19 -0.72 708.85
0.94 0.19 -0.72 1038.27
1.00 0.19 -0.72 1489.01
1.06 0.19 -0.72 1905.81
1.12 0.19 -0.72 2959.37
1.19 0.19 -0.72 5309.23
1.25 0.19 -0.72 6560.75
1.31 0.19 -0.72 9719.47
1.38 0.19 -0.72 13144.53
1.44 0.19 -0.72 14068.24
0.50 0.28 -0.72 57.72
0.56 0.28 -0.72 52.33
0.62 0.28 -0.72 56.49
0.69 0.28 -0.72 77.20
0.75 0.28 -0.72 122.72
0.81 0.28 -0.72 185.86
0.88 0.28 -0.72 266.94
0.94 0.28 -0.72 467.81
1.00 0.28 -0.72 717.90
1.06 0.28 -0.72 841.68
1.12 0.28 -0.72 1242.84
1.19 0.28 -0.72 1952.86
1.25 0.28 -0.72 2465.71
1.31 0.28 -0.72 3298.17
1.38 0.28 -0.72 5739.22
1.44 0.28 -0.72 6772.68
0.50 0.36 -0.72 62.46
0.56 0.36 -0.72 49.23
0.62 0.36 -0.72 52.19
0.69 0.36 -0.72 59.02
0.75 0.36 -0.72 83.11
0.81 0.36 -0.72 120.29
0.88 0.36 -0.72 184.03
0.94 0.36 -0.72 205.04
1.00 0.36 -0.72 323.35
1.06 0.36 -0.72 526.78
1.12 0.36 -0.72 703.96
1.19 0.36 -0.72 894.46
1.25 0.36 -0.72 1205.27
1.31 0.36 -0.72 1774.43
1.38 0.36 -0.72 2623.10
1.44 0.36 -0.72 3951.42
0.50 0.45 -0.72 60.10
0.56 0.45 -0.72 52.97
0.62 0.45 -0.72 52.03
0.69 0.45 -0.72 54.90
0.75 0.45 -0.72 55.69
0.81 0.45 -0.72 74.89
0.88 0.45 -0.72 114.23
0.94 0.45 -0.72 126.63
1.00 0.45 -0.72 188.89
1.06 0.45 -0.72 302.44
1.12 0.45 -0.72 338.52
1.19 0.45 -0.72 477.43
1.25 0.45 -0.72 771.78
1.31 0.45 -0.72 922.15
1.38 0.45 -0.72 1579.35
1.44 0.45 -0.72 1483.10
0.50 0.54 -0.72 58.95
0.56 0.54 -0.72 52.15
0.62 0.54 -0.72 50.92
0.69 0.54 -0.72 59.30
0.75 0.54 -0.72 56.89
0.81 0.54 -0.72 64.60
0.88 0.54 -0.72 89.50
0.94 0.54 -0.72 95.47
1.00 0.54 -0.72 123.12
1.06 0.54 -0.72 169.00
1.12 0.54 -0.72 228.91
1.19 0.54 -0.72 390.28
1.25 0.54 -0.72 383.27
1.31 0.54 -0.72 615.64
1.38 0.54 -0.72 817.51
1.44 0.54 -0.72 1183.78
0.50 0.62 -0.72 62.51
0.56 0.62 -0.72 57.71
0.62 0.62 -0.72 53.90
0.69 0.62 -0.72 56.42
0.75 0.62 -0.72 61.21
0.81 0.62 -0.72 63.80
0.88 0.62 -0.72 69.25
0.94 0.62 -0.72 78.18
1.00 0.62 -0.72 109.76
1.06 0.62 -0.72 143.07
1.12 0.62 -0.72 150.79
1.19 0.62 -0.72 220.22
1.25 0.62 -0.72 298.62
1.31 0.62 -0.72 350.59
1.38 0.62 -0.72 488.05
1.44 0.62 -0.72 831.48
0.50 0.71 -0.72 61.19
0.56 0.71 -0.72 60.05
0.62 0.71 -0.72 60.42
0.69 0.71 -0.72 58.10
0.75 0.71 -0.72 59.21
0.81 0.71 -0.72 57.92
0.88 0.71 -0.72 74.52
0.94 0.71 -0.72 73.09
1.00 0.71 -0.72 84.71
1.06 0.71 -0.72 101.97
1.12 0.71 -0.72 126.14
1.19 0.71 -0.72 159.46
1.25 0.71 -0.72 221.05
1.31 0.71 -0.72 260.34
1.38 0.71 -0.72 370.46
1.44 0.71 -0.72 564.71
0.50 0.80 -0.72 65.41
0.56 0.80 -0.72 57.37
0.62 0.80 -0.72 56.38
0.69 0.80 -0.72 59.42
0.75 0.80 -0.72 59.22
0.81 0.80 -0.72 65.45
0.88 0.80 -0.72 67.75
0.94 0.80 -0.72 67.23
1.00 0.80 -0.72 74.38
1.06 0.80 -0.72 93.14
1.12 0.80 -0.72 109.48
1.19 0.80 -0.72 143.58
1.25 0.80 -0.72 159.04
1.31 0.80 -0.72 177.25
1.38 0.80 -0.72 267.50
1.44 0.80 -0.72 293.57
0.50 0.89 -0.72 58.68
0.56 0.89 -0.72 64.33
0.62 0.89 -0.72 61.11
0.69 0.89 -0.72 61.03
0.75 0.89 -0.72 62.91
0.81 0.89 -0.72 65.41
0.88 0.89 -0.72 59.68
0.94 0.89 -0.72 64.55
1.00 0.89 -0.72 71.62
1.06 0.89 -0.72 94.58
1.12 0.89 -0.72 79.90
1.19 0.89 -0.72 115.26
1.25 0.89 -0.72 125.67
1.31 0.89 -0.72 139.26
1.38 0.89 -0.72 176.23
1.44 0.89 -0.72 223.00
0.50 0.98 -0.72 67.28
0.56 0.98 -0.72 57.41
0.62 0.98 -0.72 63.40
0.69 0.98 -0.72 62.51
0.75 0.98 -0.72 57.86
0.81 0.98 -0.72 60.20
0.88 0.98 -0.72 63.25
0.94 0.98 -0.72 65.50
1.00 0.98 -0.72 70.65
1.06 0.98 -0.72 77.79
1.12 0.98 -0.72 88.99
1.19 0.98 -0.72 100.20
1.25 0.98 -0.72 115.12
1.31 0.98 -0.72 151.71
1.38 0.98 -0.72 149.50
1.44 0.98 -0.72 204.55
0.50 1.06 -0.72 57.56
0.56 1.06 -0.72 56.04
0.62 1.06 -0.72 59.83
0.69 1.06 -0.72 58.95
0.75 1.06 -0.72 59.43
0.81 1.06 -0.72 62.74
0.88 1.06 -0.72 67.07
0.94 1.06 -0.72 66.58
1.00 1.06 -0.72 66.74
1.06 1.06 -0.72 78.13
1.12 1.06 -0.72 86.00
1.19 1.06 -0.72 81.95
1.25 1.06 -0.72 95.60
1.31 1.06 -0.72 122.43
1.38 1.06 -0.72 129.05
1.44 1.06 -0.72 193.44
0.50 1.15 -0.72 61.73
0.56 1.15 -0.72 57.78
0.62 1.15 -0.72 65.86
0.69 1.15 -0.72 60.22
0.75 1.15 -0.72 61.76
0.81 1.15 -0.72 60.42
0.88 1.15 -0.72 65.77
0.94 1.15 -0.72 72.33
1.00 1.15 -0.72 66.03
1.06 1.15 -0.72 65.51
1.12 1.15 -0.72 82.63
1.19 1.15 -0.72 88.16
1.25 1.15 -0.72 109.02
1.31 1.15 -0.72 114.65
1.38 1.15 -0.72 126.37
1.44 1.15 -0.72 148.21
0.50 1.24 -0.72 60.74
0.56 1.24 -0.72 62.51
0.62 1.24 -0.72 58.82
0.69 1.24 -0.72 62.98
0.75 1.24 -0.72 59.46
0.81 1.24 -0.72 56.49
0.88 1.24 -0.72 65.98
0.94 1.24 -0.72 67.95
1.00 1.24 -0.72 67.11
1.06 1.24 -0.72 67.50
1.12 1.24 -0.72 72.91
1.19 1.24 -0.72 93.19
1.25 1.24 -0.72 91.34
1.31 1.24 -0.72 94.08
1.38 1.24 -0.72 110.31
1.44 1.24 -0.72 142.42
0.50 1.33 -0.72 64.23
0.56 1.33 -0.72 61.34
0.62 1.33 -0.72 63.99
0.69 1.33 -0.72 65.38
0.75 1.33 -0.72 61.75
0.81 1.33 -0.72 66.94
0.88 1.33 -0.72 64.31
0.94 1.33 -0.72 67.98
1.00 1.33 -0.72 70.73
1.06 1.33 -0.72 72.59
1.12 1.33 -0.72 79.91
1.19 1.33 -0.72 78.91
1.25 1.33 -0.72 89.99
1.31 1.33 -0.72 87.40
1.38 1.33 -0.72 96.11
1.44 1.33 -0.72 124.40
0.50 1.41 -0.72 65.48
0.56 1.41 -0.72 53.92
0.62 1.41 -0.72 58.91
0.69 1.41 -0.72 62.23
0.75 1.41 -0.72 60.80
0.81 1.41 -0.72 57.20
0.88 1.41 -0.72 60.64
0.94 1.41 -0.72 62.25
1.00 1.41 -0.72 67.10
1.06 1.41 -0.72 67.04
1.12 1.41 -0.72 77.18
1.19 1.41 -0.72 76.48
1.25 1.41 -0.72 81.98
1.31 1.41 -0.72 95.47
1.38 1.41 -0.72 98.27
1.44 1.41 -0.72 107.38
