0.50 0.10 -3.50 35.36
0.56 0.10 -3.50 56.15
0.62 0.10 -3.50 85.04
0.69 0.10 -3.50 151.60
0.75 0.10 -3.50 214.95
0.81 0.10 -3.50 287.98
0.88 0.10 -3.50 477.73
0.94 0.10 -3.50 627.26
1.00 0.10 -3.50 956.26
1.06 0.10 -3.50 987.39
1.12 0.10 -3.50 936.96
1.19 0.10 -3.50 863.91
1.25 0.10 -3.50 768.03
1.31 0.10 -3.50 717.81
1.38 0.10 -3.50 611.02
1.44 0.10 -3.50 586.18
0.50 0.17 -3.50 21.89
0.56 0.17 -3.50 24.84
0.62 0.17 -3.50 31.86
0.69 0.17 -3.50 51.10
0.75 0.17 -3.50 77.39
0.81 0.17 -3.50 96.07
0.88 0.17 -3.50 157.06
0.94 0.17 -3.50 212.47
1.00 0.17 -3.50 281.13
1.06 0.17 -3.50 495.55
1.12 0.17 -3.50 490.80
1.19 0.17 -3.50 524.97
1.25 0.17 -3.50 496.58
1.31 0.17 -3.50 572.37
1.38 0.17 -3.50 501.60
1.44 0.17 -3.50 505.76
0.50 0.24 -3.50 8.14
0.56 0.24 -3.50 13.21
0.62 0.24 -3.50 16.57
0.69 0.24 -3.50 27.08
0.75 0.24 -3.50 36.70
0.81 0.24 -3.50 42.99
0.88 0.24 -3.50 80.76
0.94 0.24 -3.50 93.59
1.00 0.24 -3.50 169.76
1.06 0.24 -3.50 157.77
1.12 0.24 -3.50 244.69
1.19 0.24 -3.50 225.53
1.25 0.24 -3.50 365.17
1.31 0.24 -3.50 344.61
1.38 0.24 -3.50 380.18
1.44 0.24 -3.50 419.98
0.50 0.31 -3.50 6.40
0.56 0.31 -3.50 6.53
0.62 0.31 -3.50 8.48
0.69 0.31 -3.50 11.81
0.75 0.31 -3.50 18.16
0.81 0.31 -3.50 21.23
0.88 0.31 -3.50 33.74
0.94 0.31 -3.50 50.48
1.00 0.31 -3.50 66.12
1.06 0.31 -3.50 70.70
1.12 0.31 -3.50 103.05
1.19 0.31 -3.50 155.68
1.25 0.31 -3.50 144.87
1.31 0.31 -3.50 208.88
1.38 0.31 -3.50 230.60
1.44 0.31 -3.50 230.98
0.50 0.38 -3.50 4.18
0.56 0.38 -3.50 6.41
0.62 0.38 -3.50 5.67
0.69 0.38 -3.50 9.43
0.75 0.38 -3.50 9.57
0.81 0.38 -3.50 18.50
0.88 0.38 -3.50 16.25
0.94 0.38 -3.50 23.70
1.00 0.38 -3.50 38.19
1.06 0.38 -3.50 53.71
1.12 0.38 -3.50 40.34
1.19 0.38 -3.50 86.83
1.25 0.38 -3.50 76.60
1.31 0.38 -3.50 175.77
1.38 0.38 -3.50 168.10
1.44 0.38 -3.50 169.07
0.50 0.44 -3.50 4.27
0.56 0.44 -3.50 4.00
0.62 0.44 -3.50 5.54
0.69 0.44 -3.50 6.66
0.75 0.44 -3.50 8.26
0.81 0.44 -3.50 11.64
0.88 0.44 -3.50 10.02
0.94 0.44 -3.50 13.10
1.00 0.44 -3.50 23.73
1.06 0.44 -3.50 23.68
1.12 0.44 -3.50 22.08
1.19 0.44 -3.50 35.12
1.25 0.44 -3.50 66.33
1.31 0.44 -3.50 90.98
1.38 0.44 -3.50 82.37
1.44 0.44 -3.50 122.76
0.50 0.51 -3.50 3.52
0.56 0.51 -3.50 4.02
0.62 0.51 -3.50 3.80
0.69 0.51 -3.50 4.63
0.75 0.51 -3.50 4.94
0.81 0.51 -3.50 7.21
0.88 0.51 -3.50 7.94
0.94 0.51 -3.50 7.56
1.00 0.51 -3.50 12.98
1.06 0.51 -3.50 19.89
1.12 0.51 -3.50 23.92
1.19 0.51 -3.50 28.41
1.25 0.51 -3.50 41.95
1.31 0.51 -3.50 61.39
1.38 0.51 -3.50 44.73
1.44 0.51 -3.50 106.01
0.50 0.58 -3.50 3.13
0.56 0.58 -3.50 3.50
0.62 0.58 -3.50 4.57
0.69 0.58 -3.50 3.92
0.75 0.58 -3.50 4.78
0.81 0.58 -3.50 3.82
0.88 0.58 -3.50 7.26
0.94 0.58 -3.50 7.55
1.00 0.58 -3.50 9.98
1.06 0.58 -3.50 17.30
1.12 0.58 -3.50 9.74
1.19 0.58 -3.50 15.77
1.25 0.58 -3.50 22.74
1.31 0.58 -3.50 17.62
1.38 0.58 -3.50 32.78
1.44 0.58 -3.50 36.30
0.50 0.65 -3.50 3.00
0.56 0.65 -3.50 2.80
0.62 0.65 -3.50 3.66
0.69 0.65 -3.50 3.77
0.75 0.65 -3.50 5.28
0.81 0.65 -3.50 3.89
0.88 0.65 -3.50 4.15
0.94 0.65 -3.50 6.70
1.00 0.65 -3.50 7.78
1.06 0.65 -3.50 7.36
1.12 0.65 -3.50 13.64
1.19 0.65 -3.50 13.22
1.25 0.65 -3.50 14.03
1.31 0.65 -3.50 41.84
1.38 0.65 -3.50 30.67
1.44 0.65 -3.50 25.87
0.50 0.72 -3.50 2.56
0.56 0.72 -3.50 2.89
0.62 0.72 -3.50 3.07
0.69 0.72 -3.50 3.11
0.75 0.72 -3.50 4.02
0.81 0.72 -3.50 3.66
0.88 0.72 -3.50 4.07
0.94 0.72 -3.50 6.19
1.00 0.72 -3.50 5.59
1.06 0.72 -3.50 5.71
1.12 0.72 -3.50 7.29
1.19 0.72 -3.50 7.50
1.25 0.72 -3.50 11.24
1.31 0.72 -3.50 13.64
1.38 0.72 -3.50 11.99
1.44 0.72 -3.50 15.58
0.50 0.79 -3.50 2.58
0.56 0.79 -3.50 2.57
0.62 0.79 -3.50 2.55
0.69 0.79 -3.50 2.99
0.75 0.79 -3.50 3.12
0.81 0.79 -3.50 3.25
0.88 0.79 -3.50 3.85
0.94 0.79 -3.50 3.61
1.00 0.79 -3.50 6.82
1.06 0.79 -3.50 4.77
1.12 0.79 -3.50 10.78
1.19 0.79 -3.50 5.63
1.25 0.79 -3.50 8.10
1.31 0.79 -3.50 7.23
1.38 0.79 -3.50 11.77
1.44 0.79 -3.50 17.52
0.50 0.86 -3.50 2.89
0.56 0.86 -3.50 2.97
0.62 0.86 -3.50 2.99
0.69 0.86 -3.50 3.47
0.75 0.86 -3.50 3.08
0.81 0.86 -3.50 3.50
0.88 0.86 -3.50 3.34
0.94 0.86 -3.50 3.38
1.00 0.86 -3.50 4.31
1.06 0.86 -3.50 5.48
1.12 0.86 -3.50 4.70
1.19 0.86 -3.50 6.78
1.25 0.86 -3.50 9.02
1.31 0.86 -3.50 7.17
1.38 0.86 -3.50 9.01
1.44 0.86 -3.50 11.80
0.50 0.93 -3.50 2.34
0.56 0.93 -3.50 2.49
0.62 0.93 -3.50 2.72
0.69 0.93 -3.50 2.54
0.75 0.93 -3.50 2.51
0.81 0.93 -3.50 3.46
0.88 0.93 -3.50 3.31
0.94 0.93 -3.50 3.66
1.00 0.93 -3.50 3.52
1.06 0.93 -3.50 4.18
1.12 0.93 -3.50 4.76
1.19 0.93 -3.50 4.77
1.25 0.93 -3.50 4.80
1.31 0.93 -3.50 6.61
1.38 0.93 -3.50 6.16
1.44 0.93 -3.50 7.09
0.50 0.99 -3.50 2.47
0.56 0.99 -3.50 2.51
0.62 0.99 -3.50 2.57
0.69 0.99 -3.50 2.74
0.75 0.99 -3.50 2.92
0.81 0.99 -3.50 2.70
0.88 0.99 -3.50 3.22
0.94 0.99 -3.50 3.30
1.00 0.99 -3.50 3.25
1.06 0.99 -3.50 3.44
1.12 0.99 -3.50 3.33
1.19 0.99 -3.50 5.05
1.25 0.99 -3.50 5.45
1.31 0.99 -3.50 4.28
1.38 0.99 -3.50 5.40
1.44 0.99 -3.50 7.70
0.50 1.06 -3.50 2.50
0.56 1.06 -3.50 2.30
0.62 1.06 -3.50 2.74
0.69 1.06 -3.50 2.58
0.75 1.06 -3.50 2.70
0.81 1.06 -3.50 2.77
0.88 1.06 -3.50 2.73
0.94 1.06 -3.50 2.75
1.00 1.06 -3.50 3.08
1.06 1.06 -3.50 3.77
1.12 1.06 -3.50 3.88
1.19 1.06 -3.50 4.67
1.25 1.06 -3.50 4.45
1.31 1.06 -3.50 6.34
1.38 1.06 -3.50 4.18
1.44 1.06 -3.50 4.31
0.50 1.13 -3.50 2.35
0.56 1.13 -3.50 2.35
0.62 1.13 -3.50 2.21
0.69 1.13 -3.50 2.58
0.75 1.13 -3.50 2.82
0.81 1.13 -3.50 2.71
0.88 1.13 -3.50 2.90
0.94 1.13 -3.50 2.98
1.00 1.13 -3.50 3.45
1.06 1.13 -3.50 3.40
1.12 1.13 -3.50 3.23
1.19 1.13 -3.50 3.48
1.25 1.13 -3.50 3.46
1.31 1.13 -3.50 4.73
1.38 1.13 -3.50 4.86
1.44 1.13 -3.50 5.45
0.50 0.10 -3.37 33.64
0.56 0.10 -3.37 65.15
0.62 0.10 -3.37 85.15
0.69 0.10 -3.37 132.45
0.75 0.10 -3.37 210.19
0.81 0.10 -3.37 325.27
0.88 0.10 -3.37 453.38
0.94 0.10 -3.37 888.03
1.00 0.10 -3.37 899.07
1.06 0.10 -3.37 819.12
1.12 0.10 -3.37 983.64
1.19 0.10 -3.37 881.50
1.25 0.10 -3.37 792.34
1.31 0.10 -3.37 736.97
1.38 0.10 -3.37 617.17
1.44 0.10 -3.37 578.42
0.50 0.17 -3.37 14.88
0.56 0.17 -3.37 25.22
0.62 0.17 -3.37 35.63
0.69 0.17 -3.37 59.78
0.75 0.17 -3.37 86.68
0.81 0.17 -3.37 114.11
0.88 0.17 -3.37 150.12
0.94 0.17 -3.37 264.72
1.00 0.17 -3.37 267.06
1.06 0.17 -3.37 416.90
1.12 0.17 -3.37 428.25
1.19 0.17 -3.37 486.12
1.25 0.17 -3.37 595.35
1.31 0.17 -3.37 525.93
1.38 0.17 -3.37 514.77
1.44 0.17 -3.37 512.58
0.50 0.24 -3.37 9.61
0.56 0.24 -3.37 12.11
0.62 0.24 -3.37 18.32
0.69 0.24 -3.37 28.64
0.75 0.24 -3.37 33.95
0.81 0.24 -3.37 61.39
0.88 0.24 -3.37 71.16
0.94 0.24 -3.37 110.02
1.00 0.24 -3.37 122.77
1.06 0.24 -3.37 152.75
1.12 0.24 -3.37 172.96
1.19 0.24 -3.37 294.46
1.25 0.24 -3.37 412.56
1.31 0.24 -3.37 324.64
1.38 0.24 -3.37 384.77
1.44 0.24 -3.37 408.59
0.50 0.31 -3.37 6.40
0.56 0.31 -3.37 8.03
0.62 0.31 -3.37 9.49
0.69 0.31 -3.37 11.39
0.75 0.31 -3.37 19.21
0.81 0.31 -3.37 23.40
0.88 0.31 -3.37 25.16
0.94 0.31 -3.37 46.32
1.00 0.31 -3.37 71.18
1.06 0.31 -3.37 92.10
1.12 0.31 -3.37 111.77
1.19 0.31 -3.37 128.40
1.25 0.31 -3.37 153.86
1.31 0.31 -3.37 167.03
1.38 0.31 -3.37 266.81
1.44 0.31 -3.37 262.17
0.50 0.38 -3.37 4.77
0.56 0.38 -3.37 5.06
0.62 0.38 -3.37 6.98
0.69 0.38 -3.37 7.79
0.75 0.38 -3.37 8.13
0.81 0.38 -3.37 12.99
0.88 0.38 -3.37 16.44
0.94 0.38 -3.37 24.72
1.00 0.38 -3.37 30.48
1.06 0.38 -3.37 29.97
1.12 0.38 -3.37 55.63
1.19 0.38 -3.37 68.44
1.25 0.38 -3.37 76.29
1.31 0.38 -3.37 113.62
1.38 0.38 -3.37 186.75
1.44 0.38 -3.37 137.36
0.50 0.44 -3.37 4.22
0.56 0.44 -3.37 4.31
0.62 0.44 -3.37 5.05
0.69 0.44 -3.37 6.34
0.75 0.44 -3.37 7.23
0.81 0.44 -3.37 8.44
0.88 0.44 -3.37 11.73
0.94 0.44 -3.37 14.29
1.00 0.44 -3.37 22.41
1.06 0.44 -3.37 21.63
1.12 0.44 -3.37 23.56
1.19 0.44 -3.37 52.34
1.25 0.44 -3.37 42.62
1.31 0.44 -3.37 48.47
1.38 0.44 -3.37 76.11
1.44 0.44 -3.37 82.71
0.50 0.51 -3.37 4.06
0.56 0.51 -3.37 3.55
0.62 0.51 -3.37 5.24
0.69 0.51 -3.37 4.95
0.75 0.51 -3.37 5.92
0.81 0.51 -3.37 6.96
0.88 0.51 -3.37 9.29
0.94 0.51 -3.37 13.57
1.00 0.51 -3.37 14.13
1.06 0.51 -3.37 13.58
1.12 0.51 -3.37 12.17
1.19 0.51 -3.37 17.64
1.25 0.51 -3.37 20.06
1.31 0.51 -3.37 53.11
1.38 0.51 -3.37 48.28
1.44 0.51 -3.37 99.68
0.50 0.58 -3.37 3.43
0.56 0.58 -3.37 3.44
0.62 0.58 -3.37 3.30
0.69 0.58 -3.37 3.89
0.75 0.58 -3.37 4.30
0.81 0.58 -3.37 5.03
0.88 0.58 -3.37 5.37
0.94 0.58 -3.37 5.90
1.00 0.58 -3.37 10.11
1.06 0.58 -3.37 8.66
1.12 0.58 -3.37 12.71
1.19 0.58 -3.37 17.88
1.25 0.58 -3.37 20.34
1.31 0.58 -3.37 18.27
1.38 0.58 -3.37 29.63
1.44 0.58 -3.37 33.24
0.50 0.65 -3.37 2.71
0.56 0.65 -3.37 3.15
0.62 0.65 -3.37 3.49
0.69 0.65 -3.37 3.24
0.75 0.65 -3.37 4.07
0.81 0.65 -3.37 3.78
0.88 0.65 -3.37 4.05
0.94 0.65 -3.37 5.45
1.00 0.65 -3.37 7.59
1.06 0.65 -3.37 6.82
1.12 0.65 -3.37 8.62
1.19 0.65 -3.37 12.46
1.25 0.65 -3.37 11.66
1.31 0.65 -3.37 11.36
1.38 0.65 -3.37 19.97
1.44 0.65 -3.37 25.89
0.50 0.72 -3.37 2.95
0.56 0.72 -3.37 2.76
0.62 0.72 -3.37 2.72
0.69 0.72 -3.37 3.22
0.75 0.72 -3.37 3.22
0.81 0.72 -3.37 3.82
0.88 0.72 -3.37 5.12
0.94 0.72 -3.37 6.01
1.00 0.72 -3.37 4.40
1.06 0.72 -3.37 4.92
1.12 0.72 -3.37 6.28
1.19 0.72 -3.37 7.91
1.25 0.72 -3.37 14.36
1.31 0.72 -3.37 10.08
1.38 0.72 -3.37 14.98
1.44 0.72 -3.37 13.65
0.50 0.79 -3.37 2.53
0.56 0.79 -3.37 2.78
0.62 0.79 -3.37 3.03
0.69 0.79 -3.37 2.82
0.75 0.79 -3.37 3.15
0.81 0.79 -3.37 4.31
0.88 0.79 -3.37 3.40
0.94 0.79 -3.37 4.56
1.00 0.79 -3.37 4.68
1.06 0.79 -3.37 5.06
1.12 0.79 -3.37 5.63
1.19 0.79 -3.37 7.19
1.25 0.79 -3.37 5.35
1.31 0.79 -3.37 7.26
1.38 0.79 -3.37 10.63
1.44 0.79 -3.37 11.12
0.50 0.86 -3.37 2.49
0.56 0.86 -3.37 2.42
0.62 0.86 -3.37 2.63
0.69 0.86 -3.37 2.81
0.75 0.86 -3.37 3.06
0.81 0.86 -3.37 2.76
0.88 0.86 -3.37 3.42
0.94 0.86 -3.37 3.25
1.00 0.86 -3.37 3.52
1.06 0.86 -3.37 3.94
1.12 0.86 -3.37 3.86
1.19 0.86 -3.37 4.87
1.25 0.86 -3.37 4.60
1.31 0.86 -3.37 4.97
1.38 0.86 -3.37 10.54
1.44 0.86 -3.37 9.81
0.50 0.93 -3.37 2.48
0.56 0.93 -3.37 2.53
0.62 0.93 -3.37 2.96
0.69 0.93 -3.37 2.69
0.75 0.93 -3.37 2.84
0.81 0.93 -3.37 2.72
0.88 0.93 -3.37 3.17
0.94 0.93 -3.37 3.17
1.00 0.93 -3.37 2.94
1.06 0.93 -3.37 3.39
1.12 0.93 -3.37 3.26
1.19 0.93 -3.37 4.71
1.25 0.93 -3.37 5.22
1.31 0.93 -3.37 4.78
1.38 0.93 -3.37 6.10
1.44 0.93 -3.37 7.39
0.50 0.99 -3.37 2.37
0.56 0.99 -3.37 2.47
0.62 0.99 -3.37 2.77
0.69 0.99 -3.37 2.30
0.75 0.99 -3.37 2.41
0.81 0.99 -3.37 2.73
0.88 0.99 -3.37 2.74
0.94 0.99 -3.37 2.63
1.00 0.99 -3.37 3.21
1.06 0.99 -3.37 3.85
1.12 0.99 -3.37 3.41
1.19 0.99 -3.37 3.81
1.25 0.99 -3.37 4.14
1.31 0.99 -3.37 4.35
1.38 0.99 -3.37 5.86
1.44 0.99 -3.37 5.46
0.50 1.06 -3.37 2.19
0.56 1.06 -3.37 2.57
0.62 1.06 -3.37 2.35
0.69 1.06 -3.37 2.64
0.75 1.06 -3.37 2.76
0.81 1.06 -3.37 2.64
0.88 1.06 -3.37 2.53
0.94 1.06 -3.37 2.80
1.00 1.06 -3.37 2.69
1.06 1.06 -3.37 2.73
1.12 1.06 -3.37 2.98
1.19 1.06 -3.37 3.52
1.25 1.06 -3.37 3.28
1.31 1.06 -3.37 4.72
1.38 1.06 -3.37 4.89
1.44 1.06 -3.37 4.42
0.50 1.13 -3.37 2.39
0.56 1.13 -3.37 2.18
0.62 1.13 -3.37 2.66
0.69 1.13 -3.37 2.42
0.75 1.13 -3.37 2.37
0.81 1.13 -3.37 2.27
0.88 1.13 -3.37 2.45
0.94 1.13 -3.37 2.70
1.00 1.13 -3.37 2.64
1.06 1.13 -3.37 3.51
1.12 1.13 -3.37 2.75
1.19 1.13 -3.37 3.11
1.25 1.13 -3.37 3.20
1.31 1.13 -3.37 4.02
1.38 1.13 -3.37 4.93
1.44 1.13 -3.37 6.09
0.50 0.10 -3.24 35.86
0.56 0.10 -3.24 64.94
0.62 0.10 -3.24 84.88
0.69 0.10 -3.24 133.72
0.75 0.10 -3.24 223.51
0.81 0.10 -3.24 330.80
0.88 0.10 -3.24 489.96
0.94 0.10 -3.24 698.99
1.00 0.10 -3.24 922.63
1.06 0.10 -3.24 965.30
1.12 0.10 -3.24 1047.07
1.19 0.10 -3.24 793.50
1.25 0.10 -3.24 788.96
1.31 0.10 -3.24 731.44
1.38 0.10 -3.24 629.94
1.44 0.10 -3.24 578.17
0.50 0.17 -3.24 19.01
0.56 0.17 -3.24 24.65
0.62 0.17 -3.24 42.73
0.69 0.17 -3.24 54.77
0.75 0.17 -3.24 79.12
0.81 0.17 -3.24 99.80
0.88 0.17 -3.24 151.81
0.94 0.17 -3.24 196.84
1.00 0.17 -3.24 295.49
1.06 0.17 -3.24 374.81
1.12 0.17 -3.24 445.89
1.19 0.17 -3.24 535.81
1.25 0.17 -3.24 620.55
1.31 0.17 -3.24 523.12
1.38 0.17 -3.24 500.64
1.44 0.17 -3.24 507.50
0.50 0.24 -3.24 11.21
0.56 0.24 -3.24 14.50
0.62 0.24 -3.24 17.45
0.69 0.24 -3.24 25.17
0.75 0.24 -3.24 33.81
0.81 0.24 -3.24 78.62
0.88 0.24 -3.24 61.63
0.94 0.24 -3.24 89.91
1.00 0.24 -3.24 112.41
1.06 0.24 -3.24 134.38
1.12 0.24 -3.24 231.45
1.19 0.24 -3.24 276.88
1.25 0.24 -3.24 313.88
1.31 0.24 -3.24 304.28
1.38 0.24 -3.24 402.37
1.44 0.24 -3.24 405.47
0.50 0.31 -3.24 6.64
0.56 0.31 -3.24 6.35
0.62 0.31 -3.24 8.75
0.69 0.31 -3.24 12.37
0.75 0.31 -3.24 15.12
0.81 0.31 -3.24 20.65
0.88 0.31 -3.24 41.62
0.94 0.31 -3.24 43.17
1.00 0.31 -3.24 58.97
1.06 0.31 -3.24 73.43
1.12 0.31 -3.24 82.07
1.19 0.31 -3.24 158.57
1.25 0.31 -3.24 189.91
1.31 0.31 -3.24 193.73
1.38 0.31 -3.24 275.53
1.44 0.31 -3.24 297.61
0.50 0.38 -3.24 4.45
0.56 0.38 -3.24 4.97
0.62 0.38 -3.24 6.08
0.69 0.38 -3.24 5.85
0.75 0.38 -3.24 12.98
0.81 0.38 -3.24 10.30
0.88 0.38 -3.24 14.94
0.94 0.38 -3.24 19.83
1.00 0.38 -3.24 37.91
1.06 0.38 -3.24 43.61
1.12 0.38 -3.24 48.29
1.19 0.38 -3.24 79.92
1.25 0.38 -3.24 79.07
1.31 0.38 -3.24 128.11
1.38 0.38 -3.24 114.52
1.44 0.38 -3.24 229.10
0.50 0.44 -3.24 3.70
0.56 0.44 -3.24 3.74
0.62 0.44 -3.24 5.25
0.69 0.44 -3.24 6.13
0.75 0.44 -3.24 8.71
0.81 0.44 -3.24 9.19
0.88 0.44 -3.24 8.04
0.94 0.44 -3.24 13.93
1.00 0.44 -3.24 18.62
1.06 0.44 -3.24 24.40
1.12 0.44 -3.24 31.21
1.19 0.44 -3.24 31.67
1.25 0.44 -3.24 52.64
1.31 0.44 -3.24 55.16
1.38 0.44 -3.24 80.03
1.44 0.44 -3.24 111.71
0.50 0.51 -3.24 3.73
0.56 0.51 -3.24 3.17
0.62 0.51 -3.24 3.63
0.69 0.51 -3.24 5.21
0.75 0.51 -3.24 4.87
0.81 0.51 -3.24 4.81
0.88 0.51 -3.24 5.85
0.94 0.51 -3.24 8.75
1.00 0.51 -3.24 14.66
1.06 0.51 -3.24 20.78
1.12 0.51 -3.24 11.53
1.19 0.51 -3.24 33.09
1.25 0.51 -3.24 42.31
1.31 0.51 -3.24 31.58
1.38 0.51 -3.24 45.54
1.44 0.51 -3.24 75.98
0.50 0.58 -3.24 3.00
0.56 0.58 -3.24 3.27
0.62 0.58 -3.24 3.48
0.69 0.58 -3.24 4.04
0.75 0.58 -3.24 4.63
0.81 0.58 -3.24 5.26
0.88 0.58 -3.24 5.22
0.94 0.58 -3.24 6.94
1.00 0.58 -3.24 10.10
1.06 0.58 -3.24 8.60
1.12 0.58 -3.24 10.14
1.19 0.58 -3.24 12.88
1.25 0.58 -3.24 13.35
1.31 0.58 -3.24 23.38
1.38 0.58 -3.24 19.67
1.44 0.58 -3.24 33.43
0.50 0.65 -3.24 2.94
0.56 0.65 -3.24 2.69
0.62 0.65 -3.24 2.62
0.69 0.65 -3.24 3.38
0.75 0.65 -3.24 3.34
0.81 0.65 -3.24 3.53
0.88 0.65 -3.24 6.42
0.94 0.65 -3.24 5.95
1.00 0.65 -3.24 5.17
1.06 0.65 -3.24 6.60
1.12 0.65 -3.24 6.69
1.19 0.65 -3.24 9.17
1.25 0.65 -3.24 10.37
1.31 0.65 -3.24 9.10
1.38 0.65 -3.24 23.56
1.44 0.65 -3.24 17.01
0.50 0.72 -3.24 3.02
0.56 0.72 -3.24 2.83
0.62 0.72 -3.24 2.44
0.69 0.72 -3.24 2.97
0.75 0.72 -3.24 3.28
0.81 0.72 -3.24 3.70
0.88 0.72 -3.24 4.35
0.94 0.72 -3.24 3.65
1.00 0.72 -3.24 4.36
1.06 0.72 -3.24 5.18
1.12 0.72 -3.24 7.14
1.19 0.72 -3.24 5.61
1.25 0.72 -3.24 7.74
1.31 0.72 -3.24 8.54
1.38 0.72 -3.24 8.55
1.44 0.72 -3.24 14.36
0.50 0.79 -3.24 2.49
0.56 0.79 -3.24 2.48
0.62 0.79 -3.24 2.73
0.69 0.79 -3.24 3.15
0.75 0.79 -3.24 2.80
0.81 0.79 -3.24 3.05
0.88 0.79 -3.24 3.07
0.94 0.79 -3.24 4.67
1.00 0.79 -3.24 4.49
1.06 0.79 -3.24 5.11
1.12 0.79 -3.24 5.27
1.19 0.79 -3.24 4.12
1.25 0.79 -3.24 5.47
1.31 0.79 -3.24 11.16
1.38 0.79 -3.24 7.70
1.44 0.79 -3.24 8.58
0.50 0.86 -3.24 2.30
0.56 0.86 -3.24 2.50
0.62 0.86 -3.24 2.68
0.69 0.86 -3.24 2.68
0.75 0.86 -3.24 2.83
0.81 0.86 -3.24 2.37
0.88 0.86 -3.24 3.10
0.94 0.86 -3.24 3.50
1.00 0.86 -3.24 3.35
1.06 0.86 -3.24 4.38
1.12 0.86 -3.24 4.19
1.19 0.86 -3.24 4.38
1.25 0.86 -3.24 4.86
1.31 0.86 -3.24 5.93
1.38 0.86 -3.24 7.45
1.44 0.86 -3.24 9.00
0.50 0.93 -3.24 2.22
0.56 0.93 -3.24 2.50
0.62 0.93 -3.24 2.49
0.69 0.93 -3.24 2.58
0.75 0.93 -3.24 2.61
0.81 0.93 -3.24 2.20
0.88 0.93 -3.24 2.76
0.94 0.93 -3.24 2.63
1.00 0.93 -3.24 2.78
1.06 0.93 -3.24 3.32
1.12 0.93 -3.24 3.34
1.19 0.93 -3.24 3.30
1.25 0.93 -3.24 4.64
1.31 0.93 -3.24 6.43
1.38 0.93 -3.24 5.36
1.44 0.93 -3.24 6.13
0.50 0.99 -3.24 2.31
0.56 0.99 -3.24 2.42
0.62 0.99 -3.24 2.37
0.69 0.99 -3.24 2.29
0.75 0.99 -3.24 2.32
0.81 0.99 -3.24 2.34
0.88 0.99 -3.24 2.49
0.94 0.99 -3.24 2.67
1.00 0.99 -3.24 2.95
1.06 0.99 -3.24 2.69
1.12 0.99 -3.24 2.89
1.19 0.99 -3.24 3.48
1.25 0.99 -3.24 3.51
1.31 0.99 -3.24 3.90
1.38 0.99 -3.24 3.82
1.44 0.99 -3.24 4.28
0.50 1.06 -3.24 2.32
0.56 1.06 -3.24 2.33
0.62 1.06 -3.24 2.17
0.69 1.06 -3.24 2.25
0.75 1.06 -3.24 2.27
0.81 1.06 -3.24 2.42
0.88 1.06 -3.24 2.32
0.94 1.06 -3.24 2.50
1.00 1.06 -3.24 2.67
1.06 1.06 -3.24 2.75
1.12 1.06 -3.24 2.65
1.19 1.06 -3.24 4.20
1.25 1.06 -3.24 2.76
1.31 1.06 -3.24 3.60
1.38 1.06 -3.24 3.05
1.44 1.06 -3.24 3.08
0.50 1.13 -3.24 2.16
0.56 1.13 -3.24 2.22
0.62 1.13 -3.24 2.14
0.69 1.13 -3.24 2.05
0.75 1.13 -3.24 2.15
0.81 1.13 -3.24 2.17
0.88 1.13 -3.24 2.13
0.94 1.13 -3.24 2.13
1.00 1.13 -3.24 2.35
1.06 1.13 -3.24 2.47
1.12 1.13 -3.24 2.64
1.19 1.13 -3.24 2.82
1.25 1.13 -3.24 2.99
1.31 1.13 -3.24 3.05
1.38 1.13 -3.24 4.44
1.44 1.13 -3.24 2.84
0.50 0.10 -3.11 38.57
0.56 0.10 -3.11 56.67
0.62 0.10 -3.11 85.41
0.69 0.10 -3.11 138.63
0.75 0.10 -3.11 213.72
0.81 0.10 -3.11 328.14
0.88 0.10 -3.11 516.65
0.94 0.10 -3.11 629.41
1.00 0.10 -3.11 931.43
1.06 0.10 -3.11 930.55
1.12 0.10 -3.11 1000.48
1.19 0.10 -3.11 870.14
1.25 0.10 -3.11 811.63
1.31 0.10 -3.11 729.26
1.38 0.10 -3.11 634.74
1.44 0.10 -3.11 570.18
0.50 0.17 -3.11 18.51
0.56 0.17 -3.11 24.56
0.62 0.17 -3.11 36.10
0.69 0.17 -3.11 51.11
0.75 0.17 -3.11 89.28
0.81 0.17 -3.11 100.37
0.88 0.17 -3.11 160.72
0.94 0.17 -3.11 169.40
1.00 0.17 -3.11 258.70
1.06 0.17 -3.11 344.18
1.12 0.17 -3.11 524.02
1.19 0.17 -3.11 513.91
1.25 0.17 -3.11 569.69
1.31 0.17 -3.11 535.24
1.38 0.17 -3.11 517.70
1.44 0.17 -3.11 515.42
0.50 0.24 -3.11 8.98
0.56 0.24 -3.11 10.97
0.62 0.24 -3.11 17.26
0.69 0.24 -3.11 19.76
0.75 0.24 -3.11 28.00
0.81 0.24 -3.11 55.87
0.88 0.24 -3.11 61.78
0.94 0.24 -3.11 94.52
1.00 0.24 -3.11 113.01
1.06 0.24 -3.11 181.52
1.12 0.24 -3.11 193.60
1.19 0.24 -3.11 260.82
1.25 0.24 -3.11 294.80
1.31 0.24 -3.11 329.49
1.38 0.24 -3.11 360.85
1.44 0.24 -3.11 417.85
0.50 0.31 -3.11 5.41
0.56 0.31 -3.11 7.19
0.62 0.31 -3.11 9.52
0.69 0.31 -3.11 13.16
0.75 0.31 -3.11 15.05
0.81 0.31 -3.11 21.22
0.88 0.31 -3.11 29.83
0.94 0.31 -3.11 49.88
1.00 0.31 -3.11 61.48
1.06 0.31 -3.11 69.56
1.12 0.31 -3.11 142.35
1.19 0.31 -3.11 116.66
1.25 0.31 -3.11 182.29
1.31 0.31 -3.11 150.95
1.38 0.31 -3.11 251.22
1.44 0.31 -3.11 220.68
0.50 0.38 -3.11 5.28
0.56 0.38 -3.11 5.23
0.62 0.38 -3.11 5.62
0.69 0.38 -3.11 6.85
0.75 0.38 -3.11 8.96
0.81 0.38 -3.11 7.80
0.88 0.38 -3.11 15.10
0.94 0.38 -3.11 17.62
1.00 0.38 -3.11 22.11
1.06 0.38 -3.11 36.93
1.12 0.38 -3.11 40.24
1.19 0.38 -3.11 89.95
1.25 0.38 -3.11 111.90
1.31 0.38 -3.11 92.89
1.38 0.38 -3.11 156.23
1.44 0.38 -3.11 155.91
0.50 0.44 -3.11 3.53
0.56 0.44 -3.11 3.70
0.62 0.44 -3.11 3.74
0.69 0.44 -3.11 5.22
0.75 0.44 -3.11 5.73
0.81 0.44 -3.11 9.28
0.88 0.44 -3.11 10.20
0.94 0.44 -3.11 11.54
1.00 0.44 -3.11 20.30
1.06 0.44 -3.11 21.92
1.12 0.44 -3.11 23.04
1.19 0.44 -3.11 30.52
1.25 0.44 -3.11 31.44
1.31 0.44 -3.11 49.88
1.38 0.44 -3.11 68.09
1.44 0.44 -3.11 87.15
0.50 0.51 -3.11 3.24
0.56 0.51 -3.11 3.11
0.62 0.51 -3.11 3.36
0.69 0.51 -3.11 4.42
0.75 0.51 -3.11 4.22
0.81 0.51 -3.11 4.96
0.88 0.51 -3.11 8.26
0.94 0.51 -3.11 7.21
1.00 0.51 -3.11 8.35
1.06 0.51 -3.11 12.09
1.12 0.51 -3.11 12.55
1.19 0.51 -3.11 16.27
1.25 0.51 -3.11 33.68
1.31 0.51 -3.11 24.53
1.38 0.51 -3.11 27.01
1.44 0.51 -3.11 45.58
0.50 0.58 -3.11 2.87
0.56 0.58 -3.11 3.01
0.62 0.58 -3.11 3.08
0.69 0.58 -3.11 3.39
0.75 0.58 -3.11 3.77
0.81 0.58 -3.11 4.46
0.88 0.58 -3.11 5.11
0.94 0.58 -3.11 6.60
1.00 0.58 -3.11 5.59
1.06 0.58 -3.11 11.11
1.12 0.58 -3.11 9.83
1.19 0.58 -3.11 10.62
1.25 0.58 -3.11 18.87
1.31 0.58 -3.11 14.38
1.38 0.58 -3.11 24.85
1.44 0.58 -3.11 26.09
0.50 0.65 -3.11 2.77
0.56 0.65 -3.11 2.49
0.62 0.65 -3.11 2.85
0.69 0.65 -3.11 2.93
0.75 0.65 -3.11 3.31
0.81 0.65 -3.11 2.81
0.88 0.65 -3.11 3.36
0.94 0.65 -3.11 4.01
1.00 0.65 -3.11 4.13
1.06 0.65 -3.11 5.75
1.12 0.65 -3.11 5.41
1.19 0.65 -3.11 7.11
1.25 0.65 -3.11 9.01
1.31 0.65 -3.11 9.33
1.38 0.65 -3.11 12.46
1.44 0.65 -3.11 15.53
0.50 0.72 -3.11 2.36
0.56 0.72 -3.11 2.41
0.62 0.72 -3.11 2.48
0.69 0.72 -3.11 2.58
0.75 0.72 -3.11 2.64
0.81 0.72 -3.11 3.68
0.88 0.72 -3.11 3.08
0.94 0.72 -3.11 2.93
1.00 0.72 -3.11 5.40
1.06 0.72 -3.11 3.91
1.12 0.72 -3.11 4.43
1.19 0.72 -3.11 5.54
1.25 0.72 -3.11 5.70
1.31 0.72 -3.11 6.41
1.38 0.72 -3.11 9.07
1.44 0.72 -3.11 9.89
0.50 0.79 -3.11 2.42
0.56 0.79 -3.11 2.14
0.62 0.79 -3.11 2.17
0.69 0.79 -3.11 2.65
0.75 0.79 -3.11 2.24
0.81 0.79 -3.11 2.40
0.88 0.79 -3.11 2.60
0.94 0.79 -3.11 2.99
1.00 0.79 -3.11 3.55
1.06 0.79 -3.11 3.09
1.12 0.79 -3.11 3.54
1.19 0.79 -3.11 3.58
1.25 0.79 -3.11 5.53
1.31 0.79 -3.11 3.59
1.38 0.79 -3.11 6.55
1.44 0.79 -3.11 6.71
0.50 0.86 -3.11 2.37
0.56 0.86 -3.11 2.27
0.62 0.86 -3.11 2.19
0.69 0.86 -3.11 2.05
0.75 0.86 -3.11 2.29
0.81 0.86 -3.11 2.38
0.88 0.86 -3.11 2.25
0.94 0.86 -3.11 2.23
1.00 0.86 -3.11 2.50
1.06 0.86 -3.11 2.53
1.12 0.86 -3.11 2.60
1.19 0.86 -3.11 2.72
1.25 0.86 -3.11 4.05
1.31 0.86 -3.11 4.49
1.38 0.86 -3.11 4.02
1.44 0.86 -3.11 4.97
0.50 0.93 -3.11 2.06
0.56 0.93 -3.11 1.89
0.62 0.93 -3.11 2.11
0.69 0.93 -3.11 1.98
0.75 0.93 -3.11 2.02
0.81 0.93 -3.11 2.24
0.88 0.93 -3.11 2.06
0.94 0.93 -3.11 2.42
1.00 0.93 -3.11 2.45
1.06 0.93 -3.11 2.32
1.12 0.93 -3.11 2.50
1.19 0.93 -3.11 2.90
1.25 0.93 -3.11 2.62
1.31 0.93 -3.11 3.50
1.38 0.93 -3.11 4.25
1.44 0.93 -3.11 4.29
0.50 0.99 -3.11 2.18
0.56 0.99 -3.11 1.93
0.62 0.99 -3.11 1.76
0.69 0.99 -3.11 1.96
0.75 0.99 -3.11 1.95
0.81 0.99 -3.11 2.21
0.88 0.99 -3.11 2.18
0.94 0.99 -3.11 1.85
1.00 0.99 -3.11 2.19
1.06 0.99 -3.11 2.36
1.12 0.99 -3.11 2.71
1.19 0.99 -3.11 2.29
1.25 0.99 -3.11 2.82
1.31 0.99 -3.11 2.82
1.38 0.99 -3.11 3.45
1.44 0.99 -3.11 3.42
0.50 1.06 -3.11 1.94
0.56 1.06 -3.11 1.82
0.62 1.06 -3.11 2.03
0.69 1.06 -3.11 1.84
0.75 1.06 -3.11 1.73
0.81 1.06 -3.11 1.79
0.88 1.06 -3.11 1.71
0.94 1.06 -3.11 1.76
1.00 1.06 -3.11 1.81
1.06 1.06 -3.11 1.95
1.12 1.06 -3.11 1.73
1.19 1.06 -3.11 2.13
1.25 1.06 -3.11 2.35
1.31 1.06 -3.11 2.06
1.38 1.06 -3.11 2.59
1.44 1.06 -3.11 2.65
0.50 1.13 -3.11 1.79
0.56 1.13 -3.11 1.69
0.62 1.13 -3.11 1.77
0.69 1.13 -3.11 1.71
0.75 1.13 -3.11 1.56
0.81 1.13 -3.11 1.68
0.88 1.13 -3.11 1.70
0.94 1.13 -3.11 1.71
1.00 1.13 -3.11 1.55
1.06 1.13 -3.11 1.84
1.12 1.13 -3.11 1.92
1.19 1.13 -3.11 1.80
1.25 1.13 -3.11 2.06
1.31 1.13 -3.11 2.09
1.38 1.13 -3.11 2.24
1.44 1.13 -3.11 2.48
0.50 0.10 -2.97 38.03
0.56 0.10 -2.97 61.16
0.62 0.10 -2.97 77.27
0.69 0.10 -2.97 140.12
0.75 0.10 -2.97 224.70
0.81 0.10 -2.97 321.60
0.88 0.10 -2.97 584.25
0.94 0.10 -2.97 647.16
1.00 0.10 -2.97 958.43
1.06 0.10 -2.97 1061.52
1.12 0.10 -2.97 1108.91
1.19 0.10 -2.97 915.71
1.25 0.10 -2.97 815.75
1.31 0.10 -2.97 726.95
1.38 0.10 -2.97 637.96
1.44 0.10 -2.97 578.40
0.50 0.17 -2.97 14.62
0.56 0.17 -2.97 27.67
0.62 0.17 -2.97 32.81
0.69 0.17 -2.97 55.28
0.75 0.17 -2.97 108.79
0.81 0.17 -2.97 122.86
0.88 0.17 -2.97 157.80
0.94 0.17 -2.97 222.71
1.00 0.17 -2.97 260.01
1.06 0.17 -2.97 401.94
1.12 0.17 -2.97 435.59
1.19 0.17 -2.97 479.22
1.25 0.17 -2.97 501.50
1.31 0.17 -2.97 569.04
1.38 0.17 -2.97 562.94
1.44 0.17 -2.97 566.77
0.50 0.24 -2.97 7.17
0.56 0.24 -2.97 8.45
0.62 0.24 -2.97 14.69
0.69 0.24 -2.97 22.85
0.75 0.24 -2.97 35.44
0.81 0.24 -2.97 45.94
0.88 0.24 -2.97 59.25
0.94 0.24 -2.97 75.06
1.00 0.24 -2.97 115.77
1.06 0.24 -2.97 155.91
1.12 0.24 -2.97 164.88
1.19 0.24 -2.97 215.50
1.25 0.24 -2.97 307.47
1.31 0.24 -2.97 336.87
1.38 0.24 -2.97 401.12
1.44 0.24 -2.97 431.74
0.50 0.31 -2.97 5.36
0.56 0.31 -2.97 5.81
0.62 0.31 -2.97 8.13
0.69 0.31 -2.97 10.61
0.75 0.31 -2.97 14.07
0.81 0.31 -2.97 19.11
0.88 0.31 -2.97 32.51
0.94 0.31 -2.97 33.50
1.00 0.31 -2.97 43.67
1.06 0.31 -2.97 53.94
1.12 0.31 -2.97 88.07
1.19 0.31 -2.97 154.98
1.25 0.31 -2.97 105.67
1.31 0.31 -2.97 171.77
1.38 0.31 -2.97 208.83
1.44 0.31 -2.97 245.00
0.50 0.38 -2.97 3.73
0.56 0.38 -2.97 4.39
0.62 0.38 -2.97 5.55
0.69 0.38 -2.97 5.94
0.75 0.38 -2.97 7.15
0.81 0.38 -2.97 12.02
0.88 0.38 -2.97 12.03
0.94 0.38 -2.97 15.63
1.00 0.38 -2.97 26.39
1.06 0.38 -2.97 23.10
1.12 0.38 -2.97 43.85
1.19 0.38 -2.97 40.77
1.25 0.38 -2.97 62.69
1.31 0.38 -2.97 95.93
1.38 0.38 -2.97 101.77
1.44 0.38 -2.97 125.29
0.50 0.44 -2.97 3.05
0.56 0.44 -2.97 3.24
0.62 0.44 -2.97 4.41
0.69 0.44 -2.97 3.86
0.75 0.44 -2.97 5.02
0.81 0.44 -2.97 5.95
0.88 0.44 -2.97 6.37
0.94 0.44 -2.97 8.14
1.00 0.44 -2.97 8.65
1.06 0.44 -2.97 15.84
1.12 0.44 -2.97 20.87
1.19 0.44 -2.97 29.75
1.25 0.44 -2.97 32.51
1.31 0.44 -2.97 41.89
1.38 0.44 -2.97 59.98
1.44 0.44 -2.97 115.58
0.50 0.51 -2.97 2.68
0.56 0.51 -2.97 2.69
0.62 0.51 -2.97 2.70
0.69 0.51 -2.97 4.14
0.75 0.51 -2.97 3.94
0.81 0.51 -2.97 3.72
0.88 0.51 -2.97 4.86
0.94 0.51 -2.97 7.62
1.00 0.51 -2.97 8.06
1.06 0.51 -2.97 8.78
1.12 0.51 -2.97 9.46
1.19 0.51 -2.97 15.69
1.25 0.51 -2.97 18.64
1.31 0.51 -2.97 26.00
1.38 0.51 -2.97 26.67
1.44 0.51 -2.97 37.13
0.50 0.58 -2.97 2.26
0.56 0.58 -2.97 2.51
0.62 0.58 -2.97 2.44
0.69 0.58 -2.97 2.56
0.75 0.58 -2.97 2.65
0.81 0.58 -2.97 3.20
0.88 0.58 -2.97 3.88
0.94 0.58 -2.97 4.04
1.00 0.58 -2.97 4.60
1.06 0.58 -2.97 6.72
1.12 0.58 -2.97 5.93
1.19 0.58 -2.97 5.60
1.25 0.58 -2.97 7.70
1.31 0.58 -2.97 11.93
1.38 0.58 -2.97 19.30
1.44 0.58 -2.97 24.19
0.50 0.65 -2.97 2.00
0.56 0.65 -2.97 2.38
0.62 0.65 -2.97 2.24
0.69 0.65 -2.97 2.72
0.75 0.65 -2.97 2.35
0.81 0.65 -2.97 2.23
0.88 0.65 -2.97 3.14
0.94 0.65 -2.97 2.96
1.00 0.65 -2.97 3.11
1.06 0.65 -2.97 4.14
1.12 0.65 -2.97 4.55
1.19 0.65 -2.97 4.79
1.25 0.65 -2.97 4.09
1.31 0.65 -2.97 6.39
1.38 0.65 -2.97 5.75
1.44 0.65 -2.97 8.44
0.50 0.72 -2.97 2.13
0.56 0.72 -2.97 1.92
0.62 0.72 -2.97 1.87
0.69 0.72 -2.97 1.94
0.75 0.72 -2.97 2.25
0.81 0.72 -2.97 2.05
0.88 0.72 -2.97 2.26
0.94 0.72 -2.97 2.59
1.00 0.72 -2.97 2.30
1.06 0.72 -2.97 3.02
1.12 0.72 -2.97 3.11
1.19 0.72 -2.97 3.32
1.25 0.72 -2.97 4.33
1.31 0.72 -2.97 6.40
1.38 0.72 -2.97 6.09
1.44 0.72 -2.97 8.13
0.50 0.79 -2.97 1.96
0.56 0.79 -2.97 1.83
0.62 0.79 -2.97 1.85
0.69 0.79 -2.97 1.84
0.75 0.79 -2.97 1.87
0.81 0.79 -2.97 1.91
0.88 0.79 -2.97 1.68
0.94 0.79 -2.97 2.24
1.00 0.79 -2.97 2.11
1.06 0.79 -2.97 2.18
1.12 0.79 -2.97 2.20
1.19 0.79 -2.97 2.78
1.25 0.79 -2.97 3.35
1.31 0.79 -2.97 3.40
1.38 0.79 -2.97 3.75
1.44 0.79 -2.97 4.43
0.50 0.86 -2.97 1.86
0.56 0.86 -2.97 1.96
0.62 0.86 -2.97 1.66
0.69 0.86 -2.97 1.64
0.75 0.86 -2.97 1.53
0.81 0.86 -2.97 1.62
0.88 0.86 -2.97 1.56
0.94 0.86 -2.97 1.68
1.00 0.86 -2.97 1.67
1.06 0.86 -2.97 1.94
1.12 0.86 -2.97 1.99
1.19 0.86 -2.97 1.85
1.25 0.86 -2.97 2.32
1.31 0.86 -2.97 3.32
1.38 0.86 -2.97 3.09
1.44 0.86 -2.97 3.27
0.50 0.93 -2.97 1.50
0.56 0.93 -2.97 1.74
0.62 0.93 -2.97 1.71
0.69 0.93 -2.97 1.54
0.75 0.93 -2.97 1.25
0.81 0.93 -2.97 1.61
0.88 0.93 -2.97 1.41
0.94 0.93 -2.97 1.70
1.00 0.93 -2.97 1.47
1.06 0.93 -2.97 1.69
1.12 0.93 -2.97 1.58
1.19 0.93 -2.97 1.99
1.25 0.93 -2.97 1.95
1.31 0.93 -2.97 2.48
1.38 0.93 -2.97 3.45
1.44 0.93 -2.97 2.28
0.50 0.99 -2.97 1.77
0.56 0.99 -2.97 1.67
0.62 0.99 -2.97 1.54
0.69 0.99 -2.97 1.41
0.75 0.99 -2.97 1.37
0.81 0.99 -2.97 1.32
0.88 0.99 -2.97 1.25
0.94 0.99 -2.97 1.40
1.00 0.99 -2.97 1.36
1.06 0.99 -2.97 1.44
1.12 0.99 -2.97 1.33
1.19 0.99 -2.97 1.50
1.25 0.99 -2.97 1.70
1.31 0.99 -2.97 1.76
1.38 0.99 -2.97 1.65
1.44 0.99 -2.97 2.43
0.50 1.06 -2.97 1.55
0.56 1.06 -2.97 1.42
0.62 1.06 -2.97 1.35
0.69 1.06 -2.97 1.32
0.75 1.06 -2.97 1.52
0.81 1.06 -2.97 1.26
0.88 1.06 -2.97 1.32
0.94 1.06 -2.97 1.25
1.00 1.06 -2.97 1.35
1.06 1.06 -2.97 1.32
1.12 1.06 -2.97 1.16
1.19 1.06 -2.97 1.20
1.25 1.06 -2.97 1.33
1.31 1.06 -2.97 1.58
1.38 1.06 -2.97 1.44
1.44 1.06 -2.97 2.09
0.50 1.13 -2.97 1.55
0.56 1.13 -2.97 1.34
0.62 1.13 -2.97 1.52
0.69 1.13 -2.97 1.19
0.75 1.13 -2.97 1.27
0.81 1.13 -2.97 1.34
0.88 1.13 -2.97 1.25
0.94 1.13 -2.97 1.31
1.00 1.13 -2.97 1.27
1.06 1.13 -2.97 1.32
1.12 1.13 -2.97 1.23
1.19 1.13 -2.97 1.26
1.25 1.13 -2.97 1.42
1.31 1.13 -2.97 1.09
1.38 1.13 -2.97 1.43
1.44 1.13 -2.97 1.59
0.50 0.10 -2.84 36.66
0.56 0.10 -2.84 57.64
0.62 0.10 -2.84 75.96
0.69 0.10 -2.84 132.21
0.75 0.10 -2.84 197.21
0.81 0.10 -2.84 323.97
0.88 0.10 -2.84 433.67
0.94 0.10 -2.84 760.77
1.00 0.10 -2.84 882.94
1.06 0.10 -2.84 1110.06
1.12 0.10 -2.84 1111.97
1.19 0.10 -2.84 1003.39
1.25 0.10 -2.84 840.29
1.31 0.10 -2.84 730.41
1.38 0.10 -2.84 661.27
1.44 0.10 -2.84 594.21
0.50 0.17 -2.84 18.36
0.56 0.17 -2.84 25.76
0.62 0.17 -2.84 24.20
0.69 0.17 -2.84 50.51
0.75 0.17 -2.84 68.31
0.81 0.17 -2.84 90.96
0.88 0.17 -2.84 161.55
0.94 0.17 -2.84 205.38
1.00 0.17 -2.84 273.51
1.06 0.17 -2.84 457.57
1.12 0.17 -2.84 475.75
1.19 0.17 -2.84 562.63
1.25 0.17 -2.84 502.42
1.31 0.17 -2.84 569.37
1.38 0.17 -2.84 527.00
1.44 0.17 -2.84 554.73
0.50 0.24 -2.84 8.71
0.56 0.24 -2.84 9.03
0.62 0.24 -2.84 10.82
0.69 0.24 -2.84 19.82
0.75 0.24 -2.84 35.37
0.81 0.24 -2.84 36.87
0.88 0.24 -2.84 47.61
0.94 0.24 -2.84 58.03
1.00 0.24 -2.84 126.69
1.06 0.24 -2.84 123.99
1.12 0.24 -2.84 159.89
1.19 0.24 -2.84 203.76
1.25 0.24 -2.84 354.62
1.31 0.24 -2.84 279.49
1.38 0.24 -2.84 395.37
1.44 0.24 -2.84 459.11
0.50 0.31 -2.84 4.26
0.56 0.31 -2.84 5.34
0.62 0.31 -2.84 6.83
0.69 0.31 -2.84 9.84
0.75 0.31 -2.84 13.30
0.81 0.31 -2.84 12.71
0.88 0.31 -2.84 22.97
0.94 0.31 -2.84 33.66
1.00 0.31 -2.84 38.44
1.06 0.31 -2.84 44.02
1.12 0.31 -2.84 59.54
1.19 0.31 -2.84 95.27
1.25 0.31 -2.84 88.52
1.31 0.31 -2.84 172.33
1.38 0.31 -2.84 252.51
1.44 0.31 -2.84 294.00
0.50 0.38 -2.84 3.32
0.56 0.38 -2.84 2.90
0.62 0.38 -2.84 4.17
0.69 0.38 -2.84 5.02
0.75 0.38 -2.84 5.27
0.81 0.38 -2.84 7.16
0.88 0.38 -2.84 9.67
0.94 0.38 -2.84 14.49
1.00 0.38 -2.84 22.18
1.06 0.38 -2.84 20.60
1.12 0.38 -2.84 23.82
1.19 0.38 -2.84 49.21
1.25 0.38 -2.84 58.91
1.31 0.38 -2.84 61.06
1.38 0.38 -2.84 99.45
1.44 0.38 -2.84 120.87
0.50 0.44 -2.84 2.47
0.56 0.44 -2.84 2.82
0.62 0.44 -2.84 2.73
0.69 0.44 -2.84 3.16
0.75 0.44 -2.84 3.27
0.81 0.44 -2.84 5.17
0.88 0.44 -2.84 7.26
0.94 0.44 -2.84 6.42
1.00 0.44 -2.84 8.95
1.06 0.44 -2.84 13.04
1.12 0.44 -2.84 14.43
1.19 0.44 -2.84 17.39
1.25 0.44 -2.84 23.40
1.31 0.44 -2.84 28.00
1.38 0.44 -2.84 58.12
1.44 0.44 -2.84 60.21
0.50 0.51 -2.84 2.42
0.56 0.51 -2.84 2.45
0.62 0.51 -2.84 2.36
0.69 0.51 -2.84 2.64
0.75 0.51 -2.84 2.30
0.81 0.51 -2.84 2.38
0.88 0.51 -2.84 3.26
0.94 0.51 -2.84 3.98
1.00 0.51 -2.84 4.93
1.06 0.51 -2.84 6.36
1.12 0.51 -2.84 6.71
1.19 0.51 -2.84 9.53
1.25 0.51 -2.84 8.55
1.31 0.51 -2.84 15.05
1.38 0.51 -2.84 31.21
1.44 0.51 -2.84 31.28
0.50 0.58 -2.84 1.75
0.56 0.58 -2.84 1.99
0.62 0.58 -2.84 1.88
0.69 0.58 -2.84 1.96
0.75 0.58 -2.84 1.97
0.81 0.58 -2.84 2.10
0.88 0.58 -2.84 2.49
0.94 0.58 -2.84 2.41
1.00 0.58 -2.84 2.98
1.06 0.58 -2.84 2.99
1.12 0.58 -2.84 3.74
1.19 0.58 -2.84 5.97
1.25 0.58 -2.84 7.40
1.31 0.58 -2.84 8.09
1.38 0.58 -2.84 10.54
1.44 0.58 -2.84 19.43
0.50 0.65 -2.84 1.56
0.56 0.65 -2.84 1.66
0.62 0.65 -2.84 1.62
0.69 0.65 -2.84 1.53
0.75 0.65 -2.84 1.75
0.81 0.65 -2.84 1.45
0.88 0.65 -2.84 1.58
0.94 0.65 -2.84 1.95
1.00 0.65 -2.84 2.28
1.06 0.65 -2.84 2.94
1.12 0.65 -2.84 2.21
1.19 0.65 -2.84 4.24
1.25 0.65 -2.84 4.41
1.31 0.65 -2.84 3.76
1.38 0.65 -2.84 5.38
1.44 0.65 -2.84 5.67
0.50 0.72 -2.84 1.49
0.56 0.72 -2.84 1.55
0.62 0.72 -2.84 1.47
0.69 0.72 -2.84 1.65
0.75 0.72 -2.84 1.36
0.81 0.72 -2.84 1.44
0.88 0.72 -2.84 1.50
0.94 0.72 -2.84 1.43
1.00 0.72 -2.84 1.54
1.06 0.72 -2.84 1.84
1.12 0.72 -2.84 1.64
1.19 0.72 -2.84 2.03
1.25 0.72 -2.84 2.40
1.31 0.72 -2.84 3.57
1.38 0.72 -2.84 4.43
1.44 0.72 -2.84 4.22
0.50 0.79 -2.84 1.61
0.56 0.79 -2.84 1.46
0.62 0.79 -2.84 1.26
0.69 0.79 -2.84 1.14
0.75 0.79 -2.84 1.38
0.81 0.79 -2.84 1.27
0.88 0.79 -2.84 1.15
0.94 0.79 -2.84 1.16
1.00 0.79 -2.84 1.29
1.06 0.79 -2.84 1.62
1.12 0.79 -2.84 1.29
1.19 0.79 -2.84 1.73
1.25 0.79 -2.84 1.43
1.31 0.79 -2.84 1.92
1.38 0.79 -2.84 3.06
1.44 0.79 -2.84 3.85
0.50 0.86 -2.84 1.54
0.56 0.86 -2.84 1.41
0.62 0.86 -2.84 1.49
0.69 0.86 -2.84 1.14
0.75 0.86 -2.84 1.33
0.81 0.86 -2.84 1.13
0.88 0.86 -2.84 1.26
0.94 0.86 -2.84 1.16
1.00 0.86 -2.84 1.18
1.06 0.86 -2.84 1.16
1.12 0.86 -2.84 1.20
1.19 0.86 -2.84 1.26
1.25 0.86 -2.84 1.10
1.31 0.86 -2.84 1.49
1.38 0.86 -2.84 1.58
1.44 0.86 -2.84 1.93
0.50 0.93 -2.84 1.31
0.56 0.93 -2.84 1.48
0.62 0.93 -2.84 1.34
0.69 0.93 -2.84 1.31
0.75 0.93 -2.84 1.12
0.81 0.93 -2.84 1.04
0.88 0.93 -2.84 1.13
0.94 0.93 -2.84 1.03
1.00 0.93 -2.84 1.01
1.06 0.93 -2.84 1.02
1.12 0.93 -2.84 0.97
1.19 0.93 -2.84 0.90
1.25 0.93 -2.84 1.10
1.31 0.93 -2.84 1.25
1.38 0.93 -2.84 1.39
1.44 0.93 -2.84 1.44
0.50 0.99 -2.84 1.47
0.56 0.99 -2.84 1.26
0.62 0.99 -2.84 1.29
0.69 0.99 -2.84 1.09
0.75 0.99 -2.84 1.10
0.81 0.99 -2.84 1.05
0.88 0.99 -2.84 1.02
0.94 0.99 -2.84 0.93
1.00 0.99 -2.84 0.93
1.06 0.99 -2.84 1.03
1.12 0.99 -2.84 0.96
1.19 0.99 -2.84 1.02
1.25 0.99 -2.84 0.99
1.31 0.99 -2.84 0.93
1.38 0.99 -2.84 1.20
1.44 0.99 -2.84 1.48
0.50 1.06 -2.84 1.25
0.56 1.06 -2.84 1.26
0.62 1.06 -2.84 1.27
0.69 1.06 -2.84 1.07
0.75 1.06 -2.84 0.99
0.81 1.06 -2.84 0.99
0.88 1.06 -2.84 0.95
0.94 1.06 -2.84 0.99
1.00 1.06 -2.84 0.91
1.06 1.06 -2.84 0.86
1.12 1.06 -2.84 0.82
1.19 1.06 -2.84 0.86
1.25 1.06 -2.84 0.96
1.31 1.06 -2.84 0.97
1.38 1.06 -2.84 1.17
1.44 1.06 -2.84 1.29
0.50 1.13 -2.84 1.69
0.56 1.13 -2.84 1.25
0.62 1.13 -2.84 1.26
0.69 1.13 -2.84 1.01
0.75 1.13 -2.84 1.00
0.81 1.13 -2.84 0.95
0.88 1.13 -2.84 0.99
0.94 1.13 -2.84 0.87
1.00 1.13 -2.84 0.79
1.06 1.13 -2.84 0.87
1.12 1.13 -2.84 0.75
1.19 1.13 -2.84 0.81
1.25 1.13 -2.84 0.78
1.31 1.13 -2.84 0.92
1.38 1.13 -2.84 0.94
1.44 1.13 -2.84 0.79
0.50 0.10 -2.71 31.67
0.56 0.10 -2.71 47.59
0.62 0.10 -2.71 71.56
0.69 0.10 -2.71 145.28
0.75 0.10 -2.71 194.68
0.81 0.10 -2.71 328.26
0.88 0.10 -2.71 536.08
0.94 0.10 -2.71 800.09
1.00 0.10 -2.71 998.92
1.06 0.10 -2.71 892.55
1.12 0.10 -2.71 1090.15
1.19 0.10 -2.71 1000.43
1.25 0.10 -2.71 866.89
1.31 0.10 -2.71 764.90
1.38 0.10 -2.71 694.24
1.44 0.10 -2.71 601.06
0.50 0.17 -2.71 13.60
0.56 0.17 -2.71 18.70
0.62 0.17 -2.71 26.46
0.69 0.17 -2.71 40.92
0.75 0.17 -2.71 60.52
0.81 0.17 -2.71 96.57
0.88 0.17 -2.71 141.76
0.94 0.17 -2.71 186.56
1.00 0.17 -2.71 230.60
1.06 0.17 -2.71 265.37
1.12 0.17 -2.71 427.16
1.19 0.17 -2.71 563.86
1.25 0.17 -2.71 505.84
1.31 0.17 -2.71 593.96
1.38 0.17 -2.71 581.99
1.44 0.17 -2.71 525.65
0.50 0.24 -2.71 5.60
0.56 0.24 -2.71 7.12
0.62 0.24 -2.71 13.22
0.69 0.24 -2.71 16.47
0.75 0.24 -2.71 20.04
0.81 0.24 -2.71 28.83
0.88 0.24 -2.71 45.92
0.94 0.24 -2.71 65.48
1.00 0.24 -2.71 107.49
1.06 0.24 -2.71 117.13
1.12 0.24 -2.71 177.29
1.19 0.24 -2.71 152.52
1.25 0.24 -2.71 234.64
1.31 0.24 -2.71 229.39
1.38 0.24 -2.71 371.07
1.44 0.24 -2.71 370.12
0.50 0.31 -2.71 3.45
0.56 0.31 -2.71 3.30
0.62 0.31 -2.71 3.94
0.69 0.31 -2.71 6.38
0.75 0.31 -2.71 8.65
0.81 0.31 -2.71 10.79
0.88 0.31 -2.71 14.60
0.94 0.31 -2.71 21.42
1.00 0.31 -2.71 19.91
1.06 0.31 -2.71 40.71
1.12 0.31 -2.71 60.36
1.19 0.31 -2.71 87.87
1.25 0.31 -2.71 99.17
1.31 0.31 -2.71 129.37
1.38 0.31 -2.71 181.42
1.44 0.31 -2.71 223.44
0.50 0.38 -2.71 2.31
0.56 0.38 -2.71 2.50
0.62 0.38 -2.71 2.48
0.69 0.38 -2.71 3.22
0.75 0.38 -2.71 5.42
0.81 0.38 -2.71 4.83
0.88 0.38 -2.71 5.99
0.94 0.38 -2.71 8.03
1.00 0.38 -2.71 14.93
1.06 0.38 -2.71 17.43
1.12 0.38 -2.71 17.19
1.19 0.38 -2.71 39.40
1.25 0.38 -2.71 48.60
1.31 0.38 -2.71 41.16
1.38 0.38 -2.71 66.65
1.44 0.38 -2.71 142.10
0.50 0.44 -2.71 1.93
0.56 0.44 -2.71 1.84
0.62 0.44 -2.71 2.00
0.69 0.44 -2.71 2.20
0.75 0.44 -2.71 2.31
0.81 0.44 -2.71 2.65
0.88 0.44 -2.71 3.37
0.94 0.44 -2.71 4.59
1.00 0.44 -2.71 5.64
1.06 0.44 -2.71 7.66
1.12 0.44 -2.71 7.92
1.19 0.44 -2.71 12.76
1.25 0.44 -2.71 24.89
1.31 0.44 -2.71 25.05
1.38 0.44 -2.71 20.96
1.44 0.44 -2.71 39.53
0.50 0.51 -2.71 1.85
0.56 0.51 -2.71 1.55
0.62 0.51 -2.71 1.63
0.69 0.51 -2.71 1.47
0.75 0.51 -2.71 1.59
0.81 0.51 -2.71 1.66
0.88 0.51 -2.71 2.19
0.94 0.51 -2.71 2.34
1.00 0.51 -2.71 3.29
1.06 0.51 -2.71 2.96
1.12 0.51 -2.71 4.33
1.19 0.51 -2.71 5.53
1.25 0.51 -2.71 6.62
1.31 0.51 -2.71 11.94
1.38 0.51 -2.71 20.03
1.44 0.51 -2.71 13.73
0.50 0.58 -2.71 1.68
0.56 0.58 -2.71 1.49
0.62 0.58 -2.71 1.36
0.69 0.58 -2.71 1.53
0.75 0.58 -2.71 1.33
0.81 0.58 -2.71 1.29
0.88 0.58 -2.71 1.36
0.94 0.58 -2.71 1.55
1.00 0.58 -2.71 1.87
1.06 0.58 -2.71 2.42
1.12 0.58 -2.71 2.37
1.19 0.58 -2.71 2.72
1.25 0.58 -2.71 3.82
1.31 0.58 -2.71 6.41
1.38 0.58 -2.71 5.96
1.44 0.58 -2.71 6.49
0.50 0.65 -2.71 1.59
0.56 0.65 -2.71 1.49
0.62 0.65 -2.71 1.32
0.69 0.65 -2.71 1.13
0.75 0.65 -2.71 1.07
0.81 0.65 -2.71 1.06
0.88 0.65 -2.71 1.08
0.94 0.65 -2.71 1.29
1.00 0.65 -2.71 1.23
1.06 0.65 -2.71 1.61
1.12 0.65 -2.71 1.81
1.19 0.65 -2.71 2.18
1.25 0.65 -2.71 1.66
1.31 0.65 -2.71 2.34
1.38 0.65 -2.71 4.34
1.44 0.65 -2.71 5.27
0.50 0.72 -2.71 1.54
0.56 0.72 -2.71 1.48
0.62 0.72 -2.71 1.31
0.69 0.72 -2.71 0.98
0.75 0.72 -2.71 0.95
0.81 0.72 -2.71 1.01
0.88 0.72 -2.71 1.02
0.94 0.72 -2.71 1.04
1.00 0.72 -2.71 1.09
1.06 0.72 -2.71 1.19
1.12 0.72 -2.71 0.98
1.19 0.72 -2.71 1.38
1.25 0.72 -2.71 1.23
1.31 0.72 -2.71 2.45
1.38 0.72 -2.71 2.54
1.44 0.72 -2.71 2.71
0.50 0.79 -2.71 1.44
0.56 0.79 -2.71 1.54
0.62 0.79 -2.71 1.15
0.69 0.79 -2.71 1.27
0.75 0.79 -2.71 0.95
0.81 0.79 -2.71 0.86
0.88 0.79 -2.71 0.90
0.94 0.79 -2.71 0.88
1.00 0.79 -2.71 1.00
1.06 0.79 -2.71 0.95
1.12 0.79 -2.71 1.01
1.19 0.79 -2.71 1.15
1.25 0.79 -2.71 1.56
1.31 0.79 -2.71 1.22
1.38 0.79 -2.71 1.44
1.44 0.79 -2.71 1.19
0.50 0.86 -2.71 1.64
0.56 0.86 -2.71 1.48
0.62 0.86 -2.71 1.33
0.69 0.86 -2.71 1.02
0.75 0.86 -2.71 1.01
0.81 0.86 -2.71 0.99
0.88 0.86 -2.71 0.73
0.94 0.86 -2.71 0.80
1.00 0.86 -2.71 0.76
1.06 0.86 -2.71 0.83
1.12 0.86 -2.71 0.87
1.19 0.86 -2.71 0.68
1.25 0.86 -2.71 0.81
1.31 0.86 -2.71 0.82
1.38 0.86 -2.71 0.96
1.44 0.86 -2.71 1.02
0.50 0.93 -2.71 1.31
0.56 0.93 -2.71 1.29
0.62 0.93 -2.71 1.31
0.69 0.93 -2.71 1.08
0.75 0.93 -2.71 1.08
0.81 0.93 -2.71 0.93
0.88 0.93 -2.71 0.90
0.94 0.93 -2.71 0.71
1.00 0.93 -2.71 0.85
1.06 0.93 -2.71 0.84
1.12 0.93 -2.71 0.72
1.19 0.93 -2.71 0.71
1.25 0.93 -2.71 0.74
1.31 0.93 -2.71 0.88
1.38 0.93 -2.71 1.12
1.44 0.93 -2.71 0.83
0.50 0.99 -2.71 1.25
0.56 0.99 -2.71 1.15
0.62 0.99 -2.71 1.28
0.69 0.99 -2.71 1.23
0.75 0.99 -2.71 1.09
0.81 0.99 -2.71 1.08
0.88 0.99 -2.71 0.89
0.94 0.99 -2.71 0.91
1.00 0.99 -2.71 0.85
1.06 0.99 -2.71 0.68
1.12 0.99 -2.71 0.80
1.19 0.99 -2.71 0.74
1.25 0.99 -2.71 0.81
1.31 0.99 -2.71 0.66
1.38 0.99 -2.71 0.78
1.44 0.99 -2.71 0.81
0.50 1.06 -2.71 1.32
0.56 1.06 -2.71 1.53
0.62 1.06 -2.71 1.25
0.69 1.06 -2.71 1.24
0.75 1.06 -2.71 1.09
0.81 1.06 -2.71 0.95
0.88 1.06 -2.71 0.74
0.94 1.06 -2.71 0.92
1.00 1.06 -2.71 0.86
1.06 1.06 -2.71 0.80
1.12 1.06 -2.71 0.71
1.19 1.06 -2.71 0.69
1.25 1.06 -2.71 0.73
1.31 1.06 -2.71 0.70
1.38 1.06 -2.71 0.62
1.44 1.06 -2.71 0.72
0.50 1.13 -2.71 1.86
0.56 1.13 -2.71 1.39
0.62 1.13 -2.71 1.38
0.69 1.13 -2.71 0.97
0.75 1.13 -2.71 0.96
0.81 1.13 -2.71 1.02
0.88 1.13 -2.71 0.83
0.94 1.13 -2.71 0.97
1.00 1.13 -2.71 0.80
1.06 1.13 -2.71 0.76
1.12 1.13 -2.71 0.77
1.19 1.13 -2.71 0.82
1.25 1.13 -2.71 0.74
1.31 1.13 -2.71 0.75
1.38 1.13 -2.71 0.59
1.44 1.13 -2.71 0.64
0.50 0.10 -2.58 30.22
0.56 0.10 -2.58 43.20
0.62 0.10 -2.58 65.24
0.69 0.10 -2.58 122.01
0.75 0.10 -2.58 175.93
0.81 0.10 -2.58 249.41
0.88 0.10 -2.58 444.86
0.94 0.10 -2.58 702.51
1.00 0.10 -2.58 852.40
1.06 0.10 -2.58 1097.12
1.12 0.10 -2.58 1205.21
1.19 0.10 -2.58 1037.58
1.25 0.10 -2.58 889.10
1.31 0.10 -2.58 831.52
1.38 0.10 -2.58 694.24
1.44 0.10 -2.58 622.57
0.50 0.17 -2.58 10.21
0.56 0.17 -2.58 15.98
0.62 0.17 -2.58 28.07
0.69 0.17 -2.58 35.14
0.75 0.17 -2.58 58.29
0.81 0.17 -2.58 66.84
0.88 0.17 -2.58 120.44
0.94 0.17 -2.58 159.24
1.00 0.17 -2.58 235.21
1.06 0.17 -2.58 314.69
1.12 0.17 -2.58 442.62
1.19 0.17 -2.58 545.74
1.25 0.17 -2.58 545.66
1.31 0.17 -2.58 588.34
1.38 0.17 -2.58 594.14
1.44 0.17 -2.58 610.39
0.50 0.24 -2.58 5.38
0.56 0.24 -2.58 5.37
0.62 0.24 -2.58 6.83
0.69 0.24 -2.58 11.63
0.75 0.24 -2.58 14.75
0.81 0.24 -2.58 21.39
0.88 0.24 -2.58 31.70
0.94 0.24 -2.58 58.70
1.00 0.24 -2.58 58.94
1.06 0.24 -2.58 91.60
1.12 0.24 -2.58 101.63
1.19 0.24 -2.58 198.49
1.25 0.24 -2.58 198.62
1.31 0.24 -2.58 293.11
1.38 0.24 -2.58 392.28
1.44 0.24 -2.58 356.46
0.50 0.31 -2.58 2.30
0.56 0.31 -2.58 2.90
0.62 0.31 -2.58 3.57
0.69 0.31 -2.58 3.92
0.75 0.31 -2.58 4.19
0.81 0.31 -2.58 6.41
0.88 0.31 -2.58 9.30
0.94 0.31 -2.58 12.42
1.00 0.31 -2.58 26.73
1.06 0.31 -2.58 38.27
1.12 0.31 -2.58 33.90
1.19 0.31 -2.58 45.92
1.25 0.31 -2.58 67.58
1.31 0.31 -2.58 106.00
1.38 0.31 -2.58 150.20
1.44 0.31 -2.58 223.40
0.50 0.38 -2.58 1.73
0.56 0.38 -2.58 1.73
0.62 0.38 -2.58 1.78
0.69 0.38 -2.58 1.95
0.75 0.38 -2.58 2.81
0.81 0.38 -2.58 3.56
0.88 0.38 -2.58 4.34
0.94 0.38 -2.58 4.88
1.00 0.38 -2.58 6.87
1.06 0.38 -2.58 12.46
1.12 0.38 -2.58 15.50
1.19 0.38 -2.58 15.50
1.25 0.38 -2.58 26.92
1.31 0.38 -2.58 43.52
1.38 0.38 -2.58 51.95
1.44 0.38 -2.58 63.87
0.50 0.44 -2.58 1.67
0.56 0.44 -2.58 1.49
0.62 0.44 -2.58 1.36
0.69 0.44 -2.58 1.38
0.75 0.44 -2.58 1.52
0.81 0.44 -2.58 1.89
0.88 0.44 -2.58 2.23
0.94 0.44 -2.58 2.20
1.00 0.44 -2.58 3.40
1.06 0.44 -2.58 3.73
1.12 0.44 -2.58 5.55
1.19 0.44 -2.58 11.14
1.25 0.44 -2.58 14.35
1.31 0.44 -2.58 16.00
1.38 0.44 -2.58 20.93
1.44 0.44 -2.58 27.56
0.50 0.51 -2.58 1.49
0.56 0.51 -2.58 1.41
0.62 0.51 -2.58 1.27
0.69 0.51 -2.58 1.05
0.75 0.51 -2.58 1.00
0.81 0.51 -2.58 1.35
0.88 0.51 -2.58 1.20
0.94 0.51 -2.58 1.36
1.00 0.51 -2.58 2.22
1.06 0.51 -2.58 2.00
1.12 0.51 -2.58 2.96
1.19 0.51 -2.58 3.16
1.25 0.51 -2.58 6.05
1.31 0.51 -2.58 8.35
1.38 0.51 -2.58 11.50
1.44 0.51 -2.58 8.57
0.50 0.58 -2.58 1.64
0.56 0.58 -2.58 1.35
0.62 0.58 -2.58 1.21
0.69 0.58 -2.58 0.96
0.75 0.58 -2.58 0.97
0.81 0.58 -2.58 0.98
0.88 0.58 -2.58 1.00
0.94 0.58 -2.58 0.93
1.00 0.58 -2.58 1.50
1.06 0.58 -2.58 1.38
1.12 0.58 -2.58 1.91
1.19 0.58 -2.58 2.65
1.25 0.58 -2.58 2.97
1.31 0.58 -2.58 3.21
1.38 0.58 -2.58 3.49
1.44 0.58 -2.58 4.10
0.50 0.65 -2.58 1.49
0.56 0.65 -2.58 1.39
0.62 0.65 -2.58 1.20
0.69 0.65 -2.58 1.22
0.75 0.65 -2.58 0.92
0.81 0.65 -2.58 0.92
0.88 0.65 -2.58 0.89
0.94 0.65 -2.58 0.87
1.00 0.65 -2.58 0.82
1.06 0.65 -2.58 0.87
1.12 0.65 -2.58 1.11
1.19 0.65 -2.58 1.34
1.25 0.65 -2.58 1.69
1.31 0.65 -2.58 1.60
1.38 0.65 -2.58 2.09
1.44 0.65 -2.58 3.67
0.50 0.72 -2.58 1.61
0.56 0.72 -2.58 1.22
0.62 0.72 -2.58 1.21
0.69 0.72 -2.58 1.13
0.75 0.72 -2.58 1.00
0.81 0.72 -2.58 1.05
0.88 0.72 -2.58 0.81
0.94 0.72 -2.58 0.76
1.00 0.72 -2.58 0.79
1.06 0.72 -2.58 0.74
1.12 0.72 -2.58 0.77
1.19 0.72 -2.58 0.94
1.25 0.72 -2.58 1.48
1.31 0.72 -2.58 1.37
1.38 0.72 -2.58 1.31
1.44 0.72 -2.58 1.73
0.50 0.79 -2.58 1.55
0.56 0.79 -2.58 1.34
0.62 0.79 -2.58 1.22
0.69 0.79 -2.58 1.13
0.75 0.79 -2.58 1.14
0.81 0.79 -2.58 1.02
0.88 0.79 -2.58 1.01
0.94 0.79 -2.58 0.96
1.00 0.79 -2.58 0.77
1.06 0.79 -2.58 0.74
1.12 0.79 -2.58 0.74
1.19 0.79 -2.58 0.87
1.25 0.79 -2.58 0.95
1.31 0.79 -2.58 1.14
1.38 0.79 -2.58 1.12
1.44 0.79 -2.58 1.09
0.50 0.86 -2.58 1.91
0.56 0.86 -2.58 1.42
0.62 0.86 -2.58 1.46
0.69 0.86 -2.58 1.25
0.75 0.86 -2.58 1.14
0.81 0.86 -2.58 1.33
0.88 0.86 -2.58 0.92
0.94 0.86 -2.58 0.80
1.00 0.86 -2.58 0.84
1.06 0.86 -2.58 0.81
1.12 0.86 -2.58 0.81
1.19 0.86 -2.58 0.72
1.25 0.86 -2.58 0.72
1.31 0.86 -2.58 0.88
1.38 0.86 -2.58 1.05
1.44 0.86 -2.58 1.69
0.50 0.93 -2.58 1.62
0.56 0.93 -2.58 1.70
0.62 0.93 -2.58 1.30
0.69 0.93 -2.58 1.24
0.75 0.93 -2.58 1.25
0.81 0.93 -2.58 0.82
0.88 0.93 -2.58 0.95
0.94 0.93 -2.58 0.82
1.00 0.93 -2.58 0.93
1.06 0.93 -2.58 0.79
1.12 0.93 -2.58 0.67
1.19 0.93 -2.58 0.70
1.25 0.93 -2.58 0.75
1.31 0.93 -2.58 0.76
1.38 0.93 -2.58 0.82
1.44 0.93 -2.58 0.63
0.50 0.99 -2.58 1.80
0.56 0.99 -2.58 1.48
0.62 0.99 -2.58 1.44
0.69 0.99 -2.58 1.35
0.75 0.99 -2.58 1.01
0.81 0.99 -2.58 1.36
0.88 0.99 -2.58 0.96
0.94 0.99 -2.58 1.19
1.00 0.99 -2.58 0.83
1.06 0.99 -2.58 0.85
1.12 0.99 -2.58 0.74
1.19 0.99 -2.58 0.70
1.25 0.99 -2.58 0.68
1.31 0.99 -2.58 0.74
1.38 0.99 -2.58 0.73
1.44 0.99 -2.58 0.61
0.50 1.06 -2.58 1.61
0.56 1.06 -2.58 1.72
0.62 1.06 -2.58 1.45
0.69 1.06 -2.58 1.45
0.75 1.06 -2.58 1.24
0.81 1.06 -2.58 1.33
0.88 1.06 -2.58 1.06
0.94 1.06 -2.58 1.02
1.00 1.06 -2.58 0.81
1.06 1.06 -2.58 1.06
1.12 1.06 -2.58 0.97
1.19 1.06 -2.58 0.75
1.25 1.06 -2.58 0.90
1.31 1.06 -2.58 0.70
1.38 1.06 -2.58 0.79
1.44 1.06 -2.58 0.62
0.50 1.13 -2.58 1.74
0.56 1.13 -2.58 1.53
0.62 1.13 -2.58 1.52
0.69 1.13 -2.58 1.37
0.75 1.13 -2.58 1.13
0.81 1.13 -2.58 1.39
0.88 1.13 -2.58 1.42
0.94 1.13 -2.58 1.29
1.00 1.13 -2.58 1.25
1.06 1.13 -2.58 0.93
1.12 1.13 -2.58 0.82
1.19 1.13 -2.58 0.73
1.25 1.13 -2.58 0.85
1.31 1.13 -2.58 0.77
1.38 1.13 -2.58 0.71
1.44 1.13 -2.58 0.63
0.50 0.10 -2.45 27.57
0.56 0.10 -2.45 36.95
0.62 0.10 -2.45 60.90
0.69 0.10 -2.45 101.66
0.75 0.10 -2.45 155.05
0.81 0.10 -2.45 272.40
0.88 0.10 -2.45 432.01
0.94 0.10 -2.45 582.58
1.00 0.10 -2.45 795.59
1.06 0.10 -2.45 1085.53
1.12 0.10 -2.45 1133.27
1.19 0.10 -2.45 1091.56
1.25 0.10 -2.45 950.16
1.31 0.10 -2.45 812.29
1.38 0.10 -2.45 737.28
1.44 0.10 -2.45 648.24
0.50 0.17 -2.45 7.48
0.56 0.17 -2.45 10.77
0.62 0.17 -2.45 19.22
0.69 0.17 -2.45 24.82
0.75 0.17 -2.45 32.86
0.81 0.17 -2.45 63.04
0.88 0.17 -2.45 98.40
0.94 0.17 -2.45 142.78
1.00 0.17 -2.45 219.11
1.06 0.17 -2.45 229.84
1.12 0.17 -2.45 306.16
1.19 0.17 -2.45 490.58
1.25 0.17 -2.45 477.74
1.31 0.17 -2.45 656.44
1.38 0.17 -2.45 580.59
1.44 0.17 -2.45 604.46
0.50 0.24 -2.45 3.02
0.56 0.24 -2.45 3.53
0.62 0.24 -2.45 4.33
0.69 0.24 -2.45 6.25
0.75 0.24 -2.45 12.19
0.81 0.24 -2.45 13.89
0.88 0.24 -2.45 22.70
0.94 0.24 -2.45 28.43
1.00 0.24 -2.45 44.51
1.06 0.24 -2.45 71.42
1.12 0.24 -2.45 78.04
1.19 0.24 -2.45 141.90
1.25 0.24 -2.45 179.51
1.31 0.24 -2.45 278.90
1.38 0.24 -2.45 273.13
1.44 0.24 -2.45 308.82
0.50 0.31 -2.45 1.80
0.56 0.31 -2.45 1.72
0.62 0.31 -2.45 2.10
0.69 0.31 -2.45 2.39
0.75 0.31 -2.45 3.06
0.81 0.31 -2.45 4.34
0.88 0.31 -2.45 5.40
0.94 0.31 -2.45 12.14
1.00 0.31 -2.45 17.57
1.06 0.31 -2.45 17.20
1.12 0.31 -2.45 38.89
1.19 0.31 -2.45 41.88
1.25 0.31 -2.45 48.76
1.31 0.31 -2.45 63.83
1.38 0.31 -2.45 92.30
1.44 0.31 -2.45 120.99
0.50 0.38 -2.45 1.63
0.56 0.38 -2.45 1.41
0.62 0.38 -2.45 1.33
0.69 0.38 -2.45 1.56
0.75 0.38 -2.45 1.64
0.81 0.38 -2.45 1.92
0.88 0.38 -2.45 4.09
0.94 0.38 -2.45 4.14
1.00 0.38 -2.45 3.77
1.06 0.38 -2.45 7.80
1.12 0.38 -2.45 7.66
1.19 0.38 -2.45 12.39
1.25 0.38 -2.45 16.87
1.31 0.38 -2.45 19.58
1.38 0.38 -2.45 29.59
1.44 0.38 -2.45 61.92
0.50 0.44 -2.45 1.54
0.56 0.44 -2.45 1.23
0.62 0.44 -2.45 1.19
0.69 0.44 -2.45 1.18
0.75 0.44 -2.45 1.12
0.81 0.44 -2.45 1.24
0.88 0.44 -2.45 1.54
0.94 0.44 -2.45 2.38
1.00 0.44 -2.45 1.95
1.06 0.44 -2.45 3.58
1.12 0.44 -2.45 3.37
1.19 0.44 -2.45 6.17
1.25 0.44 -2.45 10.73
1.31 0.44 -2.45 12.94
1.38 0.44 -2.45 12.58
1.44 0.44 -2.45 15.73
0.50 0.51 -2.45 1.52
0.56 0.51 -2.45 1.51
0.62 0.51 -2.45 1.23
0.69 0.51 -2.45 1.07
0.75 0.51 -2.45 0.96
0.81 0.51 -2.45 0.84
0.88 0.51 -2.45 1.04
0.94 0.51 -2.45 1.30
1.00 0.51 -2.45 1.12
1.06 0.51 -2.45 1.56
1.12 0.51 -2.45 2.42
1.19 0.51 -2.45 2.81
1.25 0.51 -2.45 4.15
1.31 0.51 -2.45 3.58
1.38 0.51 -2.45 6.29
1.44 0.51 -2.45 9.70
0.50 0.58 -2.45 1.46
0.56 0.58 -2.45 1.42
0.62 0.58 -2.45 1.37
0.69 0.58 -2.45 1.30
0.75 0.58 -2.45 1.06
0.81 0.58 -2.45 0.95
0.88 0.58 -2.45 0.87
0.94 0.58 -2.45 0.88
1.00 0.58 -2.45 0.85
1.06 0.58 -2.45 1.07
1.12 0.58 -2.45 1.14
1.19 0.58 -2.45 2.30
1.25 0.58 -2.45 2.05
1.31 0.58 -2.45 2.59
1.38 0.58 -2.45 3.00
1.44 0.58 -2.45 5.59
0.50 0.65 -2.45 1.97
0.56 0.65 -2.45 1.66
0.62 0.65 -2.45 1.25
0.69 0.65 -2.45 1.37
0.75 0.65 -2.45 1.05
0.81 0.65 -2.45 1.26
0.88 0.65 -2.45 0.89
0.94 0.65 -2.45 0.90
1.00 0.65 -2.45 0.72
1.06 0.65 -2.45 0.84
1.12 0.65 -2.45 0.92
1.19 0.65 -2.45 1.02
1.25 0.65 -2.45 1.44
1.31 0.65 -2.45 2.53
1.38 0.65 -2.45 1.90
1.44 0.65 -2.45 2.31
0.50 0.72 -2.45 1.85
0.56 0.72 -2.45 1.66
0.62 0.72 -2.45 1.38
0.69 0.72 -2.45 1.51
0.75 0.72 -2.45 1.21
0.81 0.72 -2.45 1.08
0.88 0.72 -2.45 0.94
0.94 0.72 -2.45 0.95
1.00 0.72 -2.45 0.90
1.06 0.72 -2.45 0.83
1.12 0.72 -2.45 0.98
1.19 0.72 -2.45 1.12
1.25 0.72 -2.45 1.13
1.31 0.72 -2.45 0.89
1.38 0.72 -2.45 1.52
1.44 0.72 -2.45 1.45
0.50 0.79 -2.45 1.95
0.56 0.79 -2.45 1.73
0.62 0.79 -2.45 1.71
0.69 0.79 -2.45 1.76
0.75 0.79 -2.45 1.13
0.81 0.79 -2.45 1.11
0.88 0.79 -2.45 1.16
0.94 0.79 -2.45 0.96
1.00 0.79 -2.45 1.07
1.06 0.79 -2.45 0.87
1.12 0.79 -2.45 0.98
1.19 0.79 -2.45 0.69
1.25 0.79 -2.45 0.97
1.31 0.79 -2.45 0.86
1.38 0.79 -2.45 1.06
1.44 0.79 -2.45 0.98
0.50 0.86 -2.45 2.16
0.56 0.86 -2.45 1.63
0.62 0.86 -2.45 1.54
0.69 0.86 -2.45 1.58
0.75 0.86 -2.45 1.31
0.81 0.86 -2.45 1.41
0.88 0.86 -2.45 0.98
0.94 0.86 -2.45 1.20
1.00 0.86 -2.45 1.14
1.06 0.86 -2.45 0.94
1.12 0.86 -2.45 0.97
1.19 0.86 -2.45 0.83
1.25 0.86 -2.45 0.81
1.31 0.86 -2.45 0.83
1.38 0.86 -2.45 0.87
1.44 0.86 -2.45 0.97
0.50 0.93 -2.45 1.73
0.56 0.93 -2.45 1.71
0.62 0.93 -2.45 1.67
0.69 0.93 -2.45 1.51
0.75 0.93 -2.45 1.77
0.81 0.93 -2.45 1.39
0.88 0.93 -2.45 1.35
0.94 0.93 -2.45 1.06
1.00 0.93 -2.45 1.12
1.06 0.93 -2.45 1.06
1.12 0.93 -2.45 1.00
1.19 0.93 -2.45 0.78
1.25 0.93 -2.45 0.94
1.31 0.93 -2.45 0.92
1.38 0.93 -2.45 0.80
1.44 0.93 -2.45 0.93
0.50 0.99 -2.45 1.99
0.56 0.99 -2.45 2.02
0.62 0.99 -2.45 1.92
0.69 0.99 -2.45 1.95
0.75 0.99 -2.45 1.67
0.81 0.99 -2.45 1.37
0.88 0.99 -2.45 1.21
0.94 0.99 -2.45 1.26
1.00 0.99 -2.45 1.13
1.06 0.99 -2.45 1.23
1.12 0.99 -2.45 1.06
1.19 0.99 -2.45 0.99
1.25 0.99 -2.45 0.84
1.31 0.99 -2.45 0.87
1.38 0.99 -2.45 0.90
1.44 0.99 -2.45 0.69
0.50 1.06 -2.45 2.20
0.56 1.06 -2.45 2.19
0.62 1.06 -2.45 2.01
0.69 1.06 -2.45 1.86
0.75 1.06 -2.45 1.53
0.81 1.06 -2.45 1.75
0.88 1.06 -2.45 1.47
0.94 1.06 -2.45 1.34
1.00 1.06 -2.45 1.35
1.06 1.06 -2.45 1.16
1.12 1.06 -2.45 1.09
1.19 1.06 -2.45 0.86
1.25 1.06 -2.45 0.96
1.31 1.06 -2.45 0.89
1.38 1.06 -2.45 0.82
1.44 1.06 -2.45 0.85
0.50 1.13 -2.45 2.14
0.56 1.13 -2.45 2.02
0.62 1.13 -2.45 1.95
0.69 1.13 -2.45 1.68
0.75 1.13 -2.45 1.68
0.81 1.13 -2.45 1.62
0.88 1.13 -2.45 1.39
0.94 1.13 -2.45 1.47
1.00 1.13 -2.45 1.28
1.06 1.13 -2.45 1.49
1.12 1.13 -2.45 1.53
1.19 1.13 -2.45 1.11
1.25 1.13 -2.45 1.06
1.31 1.13 -2.45 0.91
1.38 1.13 -2.45 1.14
1.44 1.13 -2.45 0.80
0.50 0.10 -2.32 25.20
0.56 0.10 -2.32 35.07
0.62 0.10 -2.32 50.64
0.69 0.10 -2.32 85.30
0.75 0.10 -2.32 136.45
0.81 0.10 -2.32 221.35
0.88 0.10 -2.32 417.39
0.94 0.10 -2.32 652.05
1.00 0.10 -2.32 860.88
1.06 0.10 -2.32 1056.76
1.12 0.10 -2.32 1310.78
1.19 0.10 -2.32 1301.54
1.25 0.10 -2.32 1038.74
1.31 0.10 -2.32 920.08
1.38 0.10 -2.32 785.05
1.44 0.10 -2.32 704.74
0.50 0.17 -2.32 6.49
0.56 0.17 -2.32 8.60
0.62 0.17 -2.32 12.69
0.69 0.17 -2.32 19.38
0.75 0.17 -2.32 29.45
0.81 0.17 -2.32 47.64
0.88 0.17 -2.32 75.41
0.94 0.17 -2.32 109.83
1.00 0.17 -2.32 126.63
1.06 0.17 -2.32 228.45
1.12 0.17 -2.32 270.94
1.19 0.17 -2.32 426.12
1.25 0.17 -2.32 459.33
1.31 0.17 -2.32 562.78
1.38 0.17 -2.32 676.48
1.44 0.17 -2.32 656.70
0.50 0.24 -2.32 2.39
0.56 0.24 -2.32 2.88
0.62 0.24 -2.32 3.26
0.69 0.24 -2.32 3.91
0.75 0.24 -2.32 7.27
0.81 0.24 -2.32 9.37
0.88 0.24 -2.32 13.87
0.94 0.24 -2.32 34.15
1.00 0.24 -2.32 26.77
1.06 0.24 -2.32 59.30
1.12 0.24 -2.32 64.46
1.19 0.24 -2.32 124.96
1.25 0.24 -2.32 154.59
1.31 0.24 -2.32 160.77
1.38 0.24 -2.32 272.37
1.44 0.24 -2.32 256.47
0.50 0.31 -2.32 1.67
0.56 0.31 -2.32 1.44
0.62 0.31 -2.32 1.49
0.69 0.31 -2.32 1.61
0.75 0.31 -2.32 2.11
0.81 0.31 -2.32 3.72
0.88 0.31 -2.32 4.17
0.94 0.31 -2.32 5.50
1.00 0.31 -2.32 10.87
1.06 0.31 -2.32 15.53
1.12 0.31 -2.32 23.27
1.19 0.31 -2.32 29.98
1.25 0.31 -2.32 42.24
1.31 0.31 -2.32 64.20
1.38 0.31 -2.32 82.65
1.44 0.31 -2.32 90.25
0.50 0.38 -2.32 1.47
0.56 0.38 -2.32 1.38
0.62 0.38 -2.32 1.32
0.69 0.38 -2.32 1.18
0.75 0.38 -2.32 1.13
0.81 0.38 -2.32 1.20
0.88 0.38 -2.32 2.11
0.94 0.38 -2.32 2.57
1.00 0.38 -2.32 4.01
1.06 0.38 -2.32 6.38
1.12 0.38 -2.32 7.15
1.19 0.38 -2.32 9.06
1.25 0.38 -2.32 16.37
1.31 0.38 -2.32 15.08
1.38 0.38 -2.32 32.47
1.44 0.38 -2.32 53.07
0.50 0.44 -2.32 1.54
0.56 0.44 -2.32 1.48
0.62 0.44 -2.32 1.37
0.69 0.44 -2.32 1.17
0.75 0.44 -2.32 1.02
0.81 0.44 -2.32 1.25
0.88 0.44 -2.32 1.12
0.94 0.44 -2.32 1.28
1.00 0.44 -2.32 1.85
1.06 0.44 -2.32 2.69
1.12 0.44 -2.32 4.76
1.19 0.44 -2.32 5.00
1.25 0.44 -2.32 7.51
1.31 0.44 -2.32 9.10
1.38 0.44 -2.32 13.27
1.44 0.44 -2.32 18.19
0.50 0.51 -2.32 1.99
0.56 0.51 -2.32 1.71
0.62 0.51 -2.32 1.62
0.69 0.51 -2.32 1.18
0.75 0.51 -2.32 1.05
0.81 0.51 -2.32 0.94
0.88 0.51 -2.32 0.98
0.94 0.51 -2.32 1.04
1.00 0.51 -2.32 1.17
1.06 0.51 -2.32 1.62
1.12 0.51 -2.32 2.10
1.19 0.51 -2.32 2.72
1.25 0.51 -2.32 3.25
1.31 0.51 -2.32 7.99
1.38 0.51 -2.32 7.34
1.44 0.51 -2.32 13.54
0.50 0.58 -2.32 2.02
0.56 0.58 -2.32 1.77
0.62 0.58 -2.32 1.69
0.69 0.58 -2.32 1.39
0.75 0.58 -2.32 1.35
0.81 0.58 -2.32 1.12
0.88 0.58 -2.32 0.99
0.94 0.58 -2.32 0.97
1.00 0.58 -2.32 0.88
1.06 0.58 -2.32 1.17
1.12 0.58 -2.32 1.60
1.19 0.58 -2.32 1.78
1.25 0.58 -2.32 2.01
1.31 0.58 -2.32 2.78
1.38 0.58 -2.32 5.37
1.44 0.58 -2.32 4.78
0.50 0.65 -2.32 2.16
0.56 0.65 -2.32 1.97
0.62 0.65 -2.32 1.77
0.69 0.65 -2.32 1.73
0.75 0.65 -2.32 1.34
0.81 0.65 -2.32 1.33
0.88 0.65 -2.32 1.15
0.94 0.65 -2.32 1.05
1.00 0.65 -2.32 1.11
1.06 0.65 -2.32 1.06
1.12 0.65 -2.32 1.06
1.19 0.65 -2.32 0.88
1.25 0.65 -2.32 1.58
1.31 0.65 -2.32 1.34
1.38 0.65 -2.32 2.37
1.44 0.65 -2.32 2.24
0.50 0.72 -2.32 2.38
0.56 0.72 -2.32 2.10
0.62 0.72 -2.32 2.01
0.69 0.72 -2.32 1.83
0.75 0.72 -2.32 1.59
0.81 0.72 -2.32 1.40
0.88 0.72 -2.32 1.22
0.94 0.72 -2.32 1.24
1.00 0.72 -2.32 1.11
1.06 0.72 -2.32 1.24
1.12 0.72 -2.32 1.13
1.19 0.72 -2.32 1.31
1.25 0.72 -2.32 1.29
1.31 0.72 -2.32 1.24
1.38 0.72 -2.32 1.52
1.44 0.72 -2.32 1.87
0.50 0.79 -2.32 2.15
0.56 0.79 -2.32 2.42
0.62 0.79 -2.32 1.98
0.69 0.79 -2.32 1.75
0.75 0.79 -2.32 1.85
0.81 0.79 -2.32 1.74
0.88 0.79 -2.32 1.45
0.94 0.79 -2.32 1.17
1.00 0.79 -2.32 1.37
1.06 0.79 -2.32 1.19
1.12 0.79 -2.32 1.12
1.19 0.79 -2.32 1.06
1.25 0.79 -2.32 1.13
1.31 0.79 -2.32 1.09
1.38 0.79 -2.32 1.41
1.44 0.79 -2.32 1.21
0.50 0.86 -2.32 2.35
0.56 0.86 -2.32 2.10
0.62 0.86 -2.32 2.26
0.69 0.86 -2.32 1.93
0.75 0.86 -2.32 1.74
0.81 0.86 -2.32 1.75
0.88 0.86 -2.32 1.29
0.94 0.86 -2.32 1.53
1.00 0.86 -2.32 1.36
1.06 0.86 -2.32 1.29
1.12 0.86 -2.32 1.28
1.19 0.86 -2.32 1.21
1.25 0.86 -2.32 1.23
1.31 0.86 -2.32 1.34
1.38 0.86 -2.32 1.10
1.44 0.86 -2.32 1.39
0.50 0.93 -2.32 2.49
0.56 0.93 -2.32 2.29
0.62 0.93 -2.32 1.85
0.69 0.93 -2.32 2.02
0.75 0.93 -2.32 1.85
0.81 0.93 -2.32 1.75
0.88 0.93 -2.32 1.60
0.94 0.93 -2.32 1.63
1.00 0.93 -2.32 1.56
1.06 0.93 -2.32 1.22
1.12 0.93 -2.32 1.18
1.19 0.93 -2.32 1.17
1.25 0.93 -2.32 1.05
1.31 0.93 -2.32 1.07
1.38 0.93 -2.32 1.02
1.44 0.93 -2.32 1.25
0.50 0.99 -2.32 2.50
0.56 0.99 -2.32 2.44
0.62 0.99 -2.32 2.38
0.69 0.99 -2.32 2.18
0.75 0.99 -2.32 2.22
0.81 0.99 -2.32 1.79
0.88 0.99 -2.32 1.90
0.94 0.99 -2.32 1.36
1.00 0.99 -2.32 1.68
1.06 0.99 -2.32 1.54
1.12 0.99 -2.32 1.36
1.19 0.99 -2.32 1.29
1.25 0.99 -2.32 1.30
1.31 0.99 -2.32 1.27
1.38 0.99 -2.32 1.17
1.44 0.99 -2.32 1.02
0.50 1.06 -2.32 2.72
0.56 1.06 -2.32 2.35
0.62 1.06 -2.32 2.47
0.69 1.06 -2.32 2.20
0.75 1.06 -2.32 2.23
0.81 1.06 -2.32 1.86
0.88 1.06 -2.32 1.94
0.94 1.06 -2.32 1.64
1.00 1.06 -2.32 2.02
1.06 1.06 -2.32 1.43
1.12 1.06 -2.32 1.42
1.19 1.06 -2.32 1.17
1.25 1.06 -2.32 1.44
1.31 1.06 -2.32 1.28
1.38 1.06 -2.32 1.16
1.44 1.06 -2.32 1.16
0.50 1.13 -2.32 2.28
0.56 1.13 -2.32 2.46
0.62 1.13 -2.32 2.54
0.69 1.13 -2.32 2.50
0.75 1.13 -2.32 2.25
0.81 1.13 -2.32 2.14
0.88 1.13 -2.32 1.60
0.94 1.13 -2.32 1.87
1.00 1.13 -2.32 1.65
1.06 1.13 -2.32 1.72
1.12 1.13 -2.32 2.00
1.19 1.13 -2.32 1.39
1.25 1.13 -2.32 1.58
1.31 1.13 -2.32 1.19
1.38 1.13 -2.32 1.12
1.44 1.13 -2.32 1.27
0.50 0.10 -2.19 18.82
0.56 0.10 -2.19 29.58
0.62 0.10 -2.19 47.62
0.69 0.10 -2.19 76.98
0.75 0.10 -2.19 118.08
0.81 0.10 -2.19 183.56
0.88 0.10 -2.19 302.06
0.94 0.10 -2.19 548.60
1.00 0.10 -2.19 696.96
1.06 0.10 -2.19 974.78
1.12 0.10 -2.19 1254.21
1.19 0.10 -2.19 1360.60
1.25 0.10 -2.19 1264.34
1.31 0.10 -2.19 1087.02
1.38 0.10 -2.19 877.74
1.44 0.10 -2.19 746.40
0.50 0.17 -2.19 4.59
0.56 0.17 -2.19 6.24
0.62 0.17 -2.19 8.36
0.69 0.17 -2.19 14.00
0.75 0.17 -2.19 20.41
0.81 0.17 -2.19 40.45
0.88 0.17 -2.19 78.31
0.94 0.17 -2.19 82.85
1.00 0.17 -2.19 118.93
1.06 0.17 -2.19 142.86
1.12 0.17 -2.19 207.24
1.19 0.17 -2.19 331.49
1.25 0.17 -2.19 403.99
1.31 0.17 -2.19 496.33
1.38 0.17 -2.19 646.11
1.44 0.17 -2.19 732.22
0.50 0.24 -2.19 1.84
0.56 0.24 -2.19 1.83
0.62 0.24 -2.19 2.64
0.69 0.24 -2.19 3.82
0.75 0.24 -2.19 5.06
0.81 0.24 -2.19 8.47
0.88 0.24 -2.19 14.10
0.94 0.24 -2.19 21.27
1.00 0.24 -2.19 28.78
1.06 0.24 -2.19 39.04
1.12 0.24 -2.19 46.71
1.19 0.24 -2.19 94.14
1.25 0.24 -2.19 151.53
1.31 0.24 -2.19 124.79
1.38 0.24 -2.19 193.68
1.44 0.24 -2.19 261.77
0.50 0.31 -2.19 1.72
0.56 0.31 -2.19 1.45
0.62 0.31 -2.19 1.40
0.69 0.31 -2.19 1.83
0.75 0.31 -2.19 2.03
0.81 0.31 -2.19 2.85
0.88 0.31 -2.19 4.98
0.94 0.31 -2.19 7.05
1.00 0.31 -2.19 8.57
1.06 0.31 -2.19 10.82
1.12 0.31 -2.19 22.83
1.19 0.31 -2.19 29.05
1.25 0.31 -2.19 34.72
1.31 0.31 -2.19 54.19
1.38 0.31 -2.19 69.44
1.44 0.31 -2.19 80.58
0.50 0.38 -2.19 1.84
0.56 0.38 -2.19 1.40
0.62 0.38 -2.19 1.37
0.69 0.38 -2.19 1.29
0.75 0.38 -2.19 1.33
0.81 0.38 -2.19 1.28
0.88 0.38 -2.19 1.97
0.94 0.38 -2.19 2.30
1.00 0.38 -2.19 3.58
1.06 0.38 -2.19 5.61
1.12 0.38 -2.19 5.08
1.19 0.38 -2.19 11.32
1.25 0.38 -2.19 15.25
1.31 0.38 -2.19 17.01
1.38 0.38 -2.19 16.71
1.44 0.38 -2.19 41.35
0.50 0.44 -2.19 1.88
0.56 0.44 -2.19 1.79
0.62 0.44 -2.19 1.52
0.69 0.44 -2.19 1.30
0.75 0.44 -2.19 1.21
0.81 0.44 -2.19 1.16
0.88 0.44 -2.19 1.36
0.94 0.44 -2.19 1.46
1.00 0.44 -2.19 1.99
1.06 0.44 -2.19 2.31
1.12 0.44 -2.19 3.12
1.19 0.44 -2.19 3.72
1.25 0.44 -2.19 5.00
1.31 0.44 -2.19 8.88
1.38 0.44 -2.19 10.71
1.44 0.44 -2.19 15.44
0.50 0.51 -2.19 2.41
0.56 0.51 -2.19 1.93
0.62 0.51 -2.19 1.83
0.69 0.51 -2.19 1.50
0.75 0.51 -2.19 1.67
0.81 0.51 -2.19 1.41
0.88 0.51 -2.19 1.27
0.94 0.51 -2.19 1.28
1.00 0.51 -2.19 1.42
1.06 0.51 -2.19 1.39
1.12 0.51 -2.19 1.74
1.19 0.51 -2.19 3.30
1.25 0.51 -2.19 3.14
1.31 0.51 -2.19 4.69
1.38 0.51 -2.19 6.48
1.44 0.51 -2.19 11.33
0.50 0.58 -2.19 2.44
0.56 0.58 -2.19 2.29
0.62 0.58 -2.19 2.30
0.69 0.58 -2.19 2.00
0.75 0.58 -2.19 1.73
0.81 0.58 -2.19 1.44
0.88 0.58 -2.19 1.31
0.94 0.58 -2.19 1.27
1.00 0.58 -2.19 1.29
1.06 0.58 -2.19 1.16
1.12 0.58 -2.19 1.59
1.19 0.58 -2.19 1.89
1.25 0.58 -2.19 2.66
1.31 0.58 -2.19 3.69
1.38 0.58 -2.19 4.41
1.44 0.58 -2.19 6.46
0.50 0.65 -2.19 2.74
0.56 0.65 -2.19 2.79
0.62 0.65 -2.19 2.46
0.69 0.65 -2.19 2.18
0.75 0.65 -2.19 2.03
0.81 0.65 -2.19 1.79
0.88 0.65 -2.19 1.43
0.94 0.65 -2.19 1.40
1.00 0.65 -2.19 1.43
1.06 0.65 -2.19 1.59
1.12 0.65 -2.19 1.80
1.19 0.65 -2.19 1.37
1.25 0.65 -2.19 1.67
1.31 0.65 -2.19 2.21
1.38 0.65 -2.19 3.47
1.44 0.65 -2.19 2.98
0.50 0.72 -2.19 2.58
0.56 0.72 -2.19 2.38
0.62 0.72 -2.19 2.33
0.69 0.72 -2.19 2.18
0.75 0.72 -2.19 2.08
0.81 0.72 -2.19 1.96
0.88 0.72 -2.19 1.76
0.94 0.72 -2.19 1.64
1.00 0.72 -2.19 1.46
1.06 0.72 -2.19 1.58
1.12 0.72 -2.19 1.35
1.19 0.72 -2.19 1.47
1.25 0.72 -2.19 1.73
1.31 0.72 -2.19 1.39
1.38 0.72 -2.19 2.29
1.44 0.72 -2.19 2.02
0.50 0.79 -2.19 2.86
0.56 0.79 -2.19 2.61
0.62 0.79 -2.19 2.49
0.69 0.79 -2.19 2.15
0.75 0.79 -2.19 2.32
0.81 0.79 -2.19 2.10
0.88 0.79 -2.19 2.05
0.94 0.79 -2.19 1.82
1.00 0.79 -2.19 1.63
1.06 0.79 -2.19 1.49
1.12 0.79 -2.19 1.61
1.19 0.79 -2.19 1.45
1.25 0.79 -2.19 1.52
1.31 0.79 -2.19 2.18
1.38 0.79 -2.19 1.97
1.44 0.79 -2.19 2.38
0.50 0.86 -2.19 3.01
0.56 0.86 -2.19 2.79
0.62 0.86 -2.19 2.86
0.69 0.86 -2.19 2.34
0.75 0.86 -2.19 2.59
0.81 0.86 -2.19 2.08
0.88 0.86 -2.19 1.98
0.94 0.86 -2.19 1.84
1.00 0.86 -2.19 1.71
1.06 0.86 -2.19 1.72
1.12 0.86 -2.19 1.37
1.19 0.86 -2.19 1.39
1.25 0.86 -2.19 1.58
1.31 0.86 -2.19 1.42
1.38 0.86 -2.19 1.66
1.44 0.86 -2.19 1.86
0.50 0.93 -2.19 2.97
0.56 0.93 -2.19 2.80
0.62 0.93 -2.19 2.53
0.69 0.93 -2.19 2.53
0.75 0.93 -2.19 2.45
0.81 0.93 -2.19 2.29
0.88 0.93 -2.19 1.93
0.94 0.93 -2.19 1.98
1.00 0.93 -2.19 2.06
1.06 0.93 -2.19 1.92
1.12 0.93 -2.19 1.55
1.19 0.93 -2.19 1.80
1.25 0.93 -2.19 1.67
1.31 0.93 -2.19 1.70
1.38 0.93 -2.19 1.40
1.44 0.93 -2.19 1.51
0.50 0.99 -2.19 2.94
0.56 0.99 -2.19 2.88
0.62 0.99 -2.19 3.05
0.69 0.99 -2.19 2.83
0.75 0.99 -2.19 2.42
0.81 0.99 -2.19 2.15
0.88 0.99 -2.19 2.17
0.94 0.99 -2.19 1.89
1.00 0.99 -2.19 2.44
1.06 0.99 -2.19 1.97
1.12 0.99 -2.19 1.90
1.19 0.99 -2.19 1.79
1.25 0.99 -2.19 1.80
1.31 0.99 -2.19 1.62
1.38 0.99 -2.19 1.58
1.44 0.99 -2.19 1.73
0.50 1.06 -2.19 3.04
0.56 1.06 -2.19 3.04
0.62 1.06 -2.19 3.00
0.69 1.06 -2.19 2.47
0.75 1.06 -2.19 2.79
0.81 1.06 -2.19 2.41
0.88 1.06 -2.19 2.36
0.94 1.06 -2.19 2.36
1.00 1.06 -2.19 2.05
1.06 1.06 -2.19 2.12
1.12 1.06 -2.19 1.82
1.19 1.06 -2.19 1.87
1.25 1.06 -2.19 1.83
1.31 1.06 -2.19 1.56
1.38 1.06 -2.19 1.92
1.44 1.06 -2.19 1.60
0.50 1.13 -2.19 3.08
0.56 1.13 -2.19 2.98
0.62 1.13 -2.19 3.12
0.69 1.13 -2.19 2.53
0.75 1.13 -2.19 2.71
0.81 1.13 -2.19 2.61
0.88 1.13 -2.19 2.56
0.94 1.13 -2.19 2.33
1.00 1.13 -2.19 2.06
1.06 1.13 -2.19 2.06
1.12 1.13 -2.19 2.31
1.19 1.13 -2.19 1.73
1.25 1.13 -2.19 2.07
1.31 1.13 -2.19 1.75
1.38 1.13 -2.19 1.60
1.44 1.13 -2.19 1.44
0.50 0.10 -2.06 15.12
0.56 0.10 -2.06 22.97
0.62 0.10 -2.06 35.22
0.69 0.10 -2.06 62.97
0.75 0.10 -2.06 95.76
0.81 0.10 -2.06 149.59
0.88 0.10 -2.06 268.21
0.94 0.10 -2.06 410.05
1.00 0.10 -2.06 671.65
1.06 0.10 -2.06 843.00
1.12 0.10 -2.06 1166.51
1.19 0.10 -2.06 1418.74
1.25 0.10 -2.06 1538.11
1.31 0.10 -2.06 1265.74
1.38 0.10 -2.06 991.27
1.44 0.10 -2.06 863.35
0.50 0.17 -2.06 3.52
0.56 0.17 -2.06 5.31
0.62 0.17 -2.06 7.68
0.69 0.17 -2.06 11.97
0.75 0.17 -2.06 20.17
0.81 0.17 -2.06 29.61
0.88 0.17 -2.06 41.43
0.94 0.17 -2.06 80.31
1.00 0.17 -2.06 115.15
1.06 0.17 -2.06 145.97
1.12 0.17 -2.06 206.71
1.19 0.17 -2.06 285.10
1.25 0.17 -2.06 377.60
1.31 0.17 -2.06 443.45
1.38 0.17 -2.06 615.04
1.44 0.17 -2.06 557.99
0.50 0.24 -2.06 1.73
0.56 0.24 -2.06 1.69
0.62 0.24 -2.06 1.90
0.69 0.24 -2.06 2.99
0.75 0.24 -2.06 4.09
0.81 0.24 -2.06 6.20
0.88 0.24 -2.06 10.38
0.94 0.24 -2.06 18.63
1.00 0.24 -2.06 27.02
1.06 0.24 -2.06 38.91
1.12 0.24 -2.06 52.11
1.19 0.24 -2.06 73.85
1.25 0.24 -2.06 82.15
1.31 0.24 -2.06 129.54
1.38 0.24 -2.06 176.85
1.44 0.24 -2.06 201.68
0.50 0.31 -2.06 1.80
0.56 0.31 -2.06 1.70
0.62 0.31 -2.06 1.60
0.69 0.31 -2.06 1.55
0.75 0.31 -2.06 1.96
0.81 0.31 -2.06 2.36
0.88 0.31 -2.06 3.30
0.94 0.31 -2.06 6.16
1.00 0.31 -2.06 7.68
1.06 0.31 -2.06 12.47
1.12 0.31 -2.06 20.06
1.19 0.31 -2.06 23.62
1.25 0.31 -2.06 33.03
1.31 0.31 -2.06 40.53
1.38 0.31 -2.06 64.28
1.44 0.31 -2.06 70.17
0.50 0.38 -2.06 2.06
0.56 0.38 -2.06 1.88
0.62 0.38 -2.06 1.67
0.69 0.38 -2.06 1.50
0.75 0.38 -2.06 1.49
0.81 0.38 -2.06 1.51
0.88 0.38 -2.06 1.98
0.94 0.38 -2.06 2.40
1.00 0.38 -2.06 3.49
1.06 0.38 -2.06 5.95
1.12 0.38 -2.06 7.55
1.19 0.38 -2.06 13.23
1.25 0.38 -2.06 13.44
1.31 0.38 -2.06 19.25
1.38 0.38 -2.06 25.62
1.44 0.38 -2.06 31.75
0.50 0.44 -2.06 2.42
0.56 0.44 -2.06 2.09
0.62 0.44 -2.06 2.03
0.69 0.44 -2.06 1.88
0.75 0.44 -2.06 1.50
0.81 0.44 -2.06 1.62
0.88 0.44 -2.06 1.59
0.94 0.44 -2.06 2.11
1.00 0.44 -2.06 2.89
1.06 0.44 -2.06 3.41
1.12 0.44 -2.06 4.93
1.19 0.44 -2.06 8.64
1.25 0.44 -2.06 6.97
1.31 0.44 -2.06 10.60
1.38 0.44 -2.06 15.58
1.44 0.44 -2.06 17.15
0.50 0.51 -2.06 2.65
0.56 0.51 -2.06 2.49
0.62 0.51 -2.06 2.05
0.69 0.51 -2.06 1.93
0.75 0.51 -2.06 1.92
0.81 0.51 -2.06 1.66
0.88 0.51 -2.06 1.69
0.94 0.51 -2.06 1.66
1.00 0.51 -2.06 2.25
1.06 0.51 -2.06 2.11
1.12 0.51 -2.06 3.33
1.19 0.51 -2.06 3.29
1.25 0.51 -2.06 4.92
1.31 0.51 -2.06 6.57
1.38 0.51 -2.06 7.84
1.44 0.51 -2.06 7.33
0.50 0.58 -2.06 2.76
0.56 0.58 -2.06 2.38
0.62 0.58 -2.06 2.41
0.69 0.58 -2.06 2.31
0.75 0.58 -2.06 1.89
0.81 0.58 -2.06 2.13
0.88 0.58 -2.06 1.55
0.94 0.58 -2.06 1.97
1.00 0.58 -2.06 1.95
1.06 0.58 -2.06 1.64
1.12 0.58 -2.06 2.25
1.19 0.58 -2.06 3.17
1.25 0.58 -2.06 4.10
1.31 0.58 -2.06 3.23
1.38 0.58 -2.06 3.55
1.44 0.58 -2.06 5.96
0.50 0.65 -2.06 2.86
0.56 0.65 -2.06 2.83
0.62 0.65 -2.06 2.84
0.69 0.65 -2.06 2.23
0.75 0.65 -2.06 2.38
0.81 0.65 -2.06 2.16
0.88 0.65 -2.06 1.76
0.94 0.65 -2.06 1.91
1.00 0.65 -2.06 1.91
1.06 0.65 -2.06 1.75
1.12 0.65 -2.06 2.10
1.19 0.65 -2.06 1.87
1.25 0.65 -2.06 2.58
1.31 0.65 -2.06 2.80
1.38 0.65 -2.06 4.78
1.44 0.65 -2.06 2.88
0.50 0.72 -2.06 2.99
0.56 0.72 -2.06 3.04
0.62 0.72 -2.06 2.90
0.69 0.72 -2.06 2.61
0.75 0.72 -2.06 2.47
0.81 0.72 -2.06 2.29
0.88 0.72 -2.06 2.31
0.94 0.72 -2.06 2.05
1.00 0.72 -2.06 2.03
1.06 0.72 -2.06 2.10
1.12 0.72 -2.06 1.82
1.19 0.72 -2.06 1.84
1.25 0.72 -2.06 1.94
1.31 0.72 -2.06 2.24
1.38 0.72 -2.06 3.12
1.44 0.72 -2.06 4.12
0.50 0.79 -2.06 3.39
0.56 0.79 -2.06 3.08
0.62 0.79 -2.06 3.17
0.69 0.79 -2.06 2.93
0.75 0.79 -2.06 2.66
0.81 0.79 -2.06 2.44
0.88 0.79 -2.06 2.39
0.94 0.79 -2.06 1.98
1.00 0.79 -2.06 2.16
1.06 0.79 -2.06 2.28
1.12 0.79 -2.06 2.26
1.19 0.79 -2.06 1.94
1.25 0.79 -2.06 2.20
1.31 0.79 -2.06 2.03
1.38 0.79 -2.06 2.33
1.44 0.79 -2.06 3.40
0.50 0.86 -2.06 3.53
0.56 0.86 -2.06 3.17
0.62 0.86 -2.06 3.14
0.69 0.86 -2.06 2.99
0.75 0.86 -2.06 2.81
0.81 0.86 -2.06 2.51
0.88 0.86 -2.06 2.36
0.94 0.86 -2.06 2.50
1.00 0.86 -2.06 2.48
1.06 0.86 -2.06 2.09
1.12 0.86 -2.06 2.08
1.19 0.86 -2.06 2.08
1.25 0.86 -2.06 2.48
1.31 0.86 -2.06 1.89
1.38 0.86 -2.06 3.03
1.44 0.86 -2.06 3.73
0.50 0.93 -2.06 3.51
0.56 0.93 -2.06 3.25
0.62 0.93 -2.06 3.43
0.69 0.93 -2.06 2.84
0.75 0.93 -2.06 3.00
0.81 0.93 -2.06 2.79
0.88 0.93 -2.06 2.56
0.94 0.93 -2.06 2.69
1.00 0.93 -2.06 2.50
1.06 0.93 -2.06 2.41
1.12 0.93 -2.06 2.27
1.19 0.93 -2.06 2.09
1.25 0.93 -2.06 2.01
1.31 0.93 -2.06 2.43
1.38 0.93 -2.06 2.89
1.44 0.93 -2.06 2.24
0.50 0.99 -2.06 3.58
0.56 0.99 -2.06 3.52
0.62 0.99 -2.06 3.17
0.69 0.99 -2.06 2.88
0.75 0.99 -2.06 2.85
0.81 0.99 -2.06 2.75
0.88 0.99 -2.06 2.87
0.94 0.99 -2.06 2.76
1.00 0.99 -2.06 2.69
1.06 0.99 -2.06 2.63
1.12 0.99 -2.06 2.32
1.19 0.99 -2.06 2.10
1.25 0.99 -2.06 2.22
1.31 0.99 -2.06 2.24
1.38 0.99 -2.06 2.02
1.44 0.99 -2.06 2.51
0.50 1.06 -2.06 3.35
0.56 1.06 -2.06 3.32
0.62 1.06 -2.06 2.90
0.69 1.06 -2.06 3.18
0.75 1.06 -2.06 3.16
0.81 1.06 -2.06 2.77
0.88 1.06 -2.06 2.89
0.94 1.06 -2.06 2.91
1.00 1.06 -2.06 2.47
1.06 1.06 -2.06 2.50
1.12 1.06 -2.06 2.21
1.19 1.06 -2.06 2.14
1.25 1.06 -2.06 2.35
1.31 1.06 -2.06 2.28
1.38 1.06 -2.06 2.13
1.44 1.06 -2.06 2.05
0.50 1.13 -2.06 3.39
0.56 1.13 -2.06 3.53
0.62 1.13 -2.06 3.43
0.69 1.13 -2.06 3.18
0.75 1.13 -2.06 3.25
0.81 1.13 -2.06 2.91
0.88 1.13 -2.06 2.80
0.94 1.13 -2.06 3.01
1.00 1.13 -2.06 2.96
1.06 1.13 -2.06 2.53
1.12 1.13 -2.06 2.59
1.19 1.13 -2.06 2.24
1.25 1.13 -2.06 2.49
1.31 1.13 -2.06 2.22
1.38 1.13 -2.06 2.36
1.44 1.13 -2.06 2.21
0.50 0.10 -1.93 12.43
0.56 0.10 -1.93 19.94
0.62 0.10 -1.93 29.57
0.69 0.10 -1.93 51.72
0.75 0.10 -1.93 83.65
0.81 0.10 -1.93 135.66
0.88 0.10 -1.93 233.17
0.94 0.10 -1.93 367.03
1.00 0.10 -1.93 549.06
1.06 0.10 -1.93 821.16
1.12 0.10 -1.93 1037.71
1.19 0.10 -1.93 1510.32
1.25 0.10 -1.93 1593.91
1.31 0.10 -1.93 1505.03
1.38 0.10 -1.93 1297.64
1.44 0.10 -1.93 1013.64
0.50 0.17 -1.93 2.83
0.56 0.17 -1.93 3.87
0.62 0.17 -1.93 5.96
0.69 0.17 -1.93 10.01
0.75 0.17 -1.93 17.59
0.81 0.17 -1.93 26.39
0.88 0.17 -1.93 41.26
0.94 0.17 -1.93 71.00
1.00 0.17 -1.93 89.03
1.06 0.17 -1.93 161.48
1.12 0.17 -1.93 170.03
1.19 0.17 -1.93 257.55
1.25 0.17 -1.93 322.90
1.31 0.17 -1.93 388.95
1.38 0.17 -1.93 553.33
1.44 0.17 -1.93 552.70
0.50 0.24 -1.93 1.92
0.56 0.24 -1.93 2.01
0.62 0.24 -1.93 2.13
0.69 0.24 -1.93 2.75
0.75 0.24 -1.93 4.00
0.81 0.24 -1.93 7.23
0.88 0.24 -1.93 16.82
0.94 0.24 -1.93 21.18
1.00 0.24 -1.93 25.06
1.06 0.24 -1.93 34.81
1.12 0.24 -1.93 54.22
1.19 0.24 -1.93 69.74
1.25 0.24 -1.93 100.90
1.31 0.24 -1.93 131.93
1.38 0.24 -1.93 160.26
1.44 0.24 -1.93 201.23
0.50 0.31 -1.93 2.14
0.56 0.31 -1.93 1.92
0.62 0.31 -1.93 1.82
0.69 0.31 -1.93 1.85
0.75 0.31 -1.93 2.37
0.81 0.31 -1.93 3.38
0.88 0.31 -1.93 4.71
0.94 0.31 -1.93 7.34
1.00 0.31 -1.93 10.86
1.06 0.31 -1.93 13.24
1.12 0.31 -1.93 18.46
1.19 0.31 -1.93 30.41
1.25 0.31 -1.93 30.63
1.31 0.31 -1.93 41.43
1.38 0.31 -1.93 52.53
1.44 0.31 -1.93 78.83
0.50 0.38 -1.93 2.53
0.56 0.38 -1.93 2.53
0.62 0.38 -1.93 1.97
0.69 0.38 -1.93 1.97
0.75 0.38 -1.93 2.09
0.81 0.38 -1.93 2.24
0.88 0.38 -1.93 2.71
0.94 0.38 -1.93 4.05
1.00 0.38 -1.93 6.49
1.06 0.38 -1.93 7.62
1.12 0.38 -1.93 10.49
1.19 0.38 -1.93 12.22
1.25 0.38 -1.93 18.50
1.31 0.38 -1.93 18.65
1.38 0.38 -1.93 33.66
1.44 0.38 -1.93 38.16
0.50 0.44 -1.93 2.78
0.56 0.44 -1.93 2.59
0.62 0.44 -1.93 2.41
0.69 0.44 -1.93 2.00
0.75 0.44 -1.93 2.06
0.81 0.44 -1.93 2.06
0.88 0.44 -1.93 2.21
0.94 0.44 -1.93 3.02
1.00 0.44 -1.93 3.30
1.06 0.44 -1.93 4.67
1.12 0.44 -1.93 5.78
1.19 0.44 -1.93 10.77
1.25 0.44 -1.93 9.17
1.31 0.44 -1.93 14.41
1.38 0.44 -1.93 20.39
1.44 0.44 -1.93 19.19
0.50 0.51 -1.93 3.11
0.56 0.51 -1.93 2.70
0.62 0.51 -1.93 2.50
0.69 0.51 -1.93 2.40
0.75 0.51 -1.93 2.26
0.81 0.51 -1.93 2.29
0.88 0.51 -1.93 2.20
0.94 0.51 -1.93 2.31
1.00 0.51 -1.93 3.01
1.06 0.51 -1.93 3.38
1.12 0.51 -1.93 4.40
1.19 0.51 -1.93 4.64
1.25 0.51 -1.93 5.52
1.31 0.51 -1.93 8.05
1.38 0.51 -1.93 9.59
1.44 0.51 -1.93 15.43
0.50 0.58 -1.93 3.27
0.56 0.58 -1.93 3.03
0.62 0.58 -1.93 2.70
0.69 0.58 -1.93 2.75
0.75 0.58 -1.93 2.40
0.81 0.58 -1.93 2.52
0.88 0.58 -1.93 2.35
0.94 0.58 -1.93 2.32
1.00 0.58 -1.93 2.72
1.06 0.58 -1.93 3.05
1.12 0.58 -1.93 2.92
1.19 0.58 -1.93 4.59
1.25 0.58 -1.93 3.89
1.31 0.58 -1.93 5.80
1.38 0.58 -1.93 7.27
1.44 0.58 -1.93 8.04
0.50 0.65 -1.93 3.22
0.56 0.65 -1.93 3.19
0.62 0.65 -1.93 3.30
0.69 0.65 -1.93 3.00
0.75 0.65 -1.93 2.72
0.81 0.65 -1.93 2.71
0.88 0.65 -1.93 2.36
0.94 0.65 -1.93 2.36
1.00 0.65 -1.93 2.36
1.06 0.65 -1.93 2.65
1.12 0.65 -1.93 2.51
1.19 0.65 -1.93 2.61
1.25 0.65 -1.93 4.20
1.31 0.65 -1.93 3.66
1.38 0.65 -1.93 5.04
1.44 0.65 -1.93 8.65
0.50 0.72 -1.93 3.34
0.56 0.72 -1.93 3.49
0.62 0.72 -1.93 3.14
0.69 0.72 -1.93 3.25
0.75 0.72 -1.93 2.84
0.81 0.72 -1.93 2.67
0.88 0.72 -1.93 2.75
0.94 0.72 -1.93 2.38
1.00 0.72 -1.93 2.52
1.06 0.72 -1.93 2.41
1.12 0.72 -1.93 2.59
1.19 0.72 -1.93 2.87
1.25 0.72 -1.93 3.02
1.31 0.72 -1.93 4.02
1.38 0.72 -1.93 4.47
1.44 0.72 -1.93 4.65
0.50 0.79 -1.93 3.56
0.56 0.79 -1.93 3.42
0.62 0.79 -1.93 3.57
0.69 0.79 -1.93 3.08
0.75 0.79 -1.93 3.11
0.81 0.79 -1.93 2.94
0.88 0.79 -1.93 2.91
0.94 0.79 -1.93 2.58
1.00 0.79 -1.93 2.48
1.06 0.79 -1.93 2.51
1.12 0.79 -1.93 3.04
1.19 0.79 -1.93 2.73
1.25 0.79 -1.93 2.72
1.31 0.79 -1.93 3.10
1.38 0.79 -1.93 3.26
1.44 0.79 -1.93 3.78
0.50 0.86 -1.93 3.52
0.56 0.86 -1.93 3.62
0.62 0.86 -1.93 3.64
0.69 0.86 -1.93 3.24
0.75 0.86 -1.93 3.14
0.81 0.86 -1.93 3.27
0.88 0.86 -1.93 2.85
0.94 0.86 -1.93 2.80
1.00 0.86 -1.93 2.64
1.06 0.86 -1.93 2.63
1.12 0.86 -1.93 2.73
1.19 0.86 -1.93 2.54
1.25 0.86 -1.93 2.84
1.31 0.86 -1.93 2.87
1.38 0.86 -1.93 3.27
1.44 0.86 -1.93 3.77
0.50 0.93 -1.93 3.56
0.56 0.93 -1.93 3.65
0.62 0.93 -1.93 3.88
0.69 0.93 -1.93 3.47
0.75 0.93 -1.93 3.54
0.81 0.93 -1.93 3.19
0.88 0.93 -1.93 3.30
0.94 0.93 -1.93 2.95
1.00 0.93 -1.93 3.04
1.06 0.93 -1.93 2.82
1.12 0.93 -1.93 2.75
1.19 0.93 -1.93 2.76
1.25 0.93 -1.93 2.99
1.31 0.93 -1.93 2.90
1.38 0.93 -1.93 2.88
1.44 0.93 -1.93 2.87
0.50 0.99 -1.93 3.63
0.56 0.99 -1.93 3.93
0.62 0.99 -1.93 3.55
0.69 0.99 -1.93 3.40
0.75 0.99 -1.93 3.48
0.81 0.99 -1.93 3.26
0.88 0.99 -1.93 3.19
0.94 0.99 -1.93 3.09
1.00 0.99 -1.93 2.97
1.06 0.99 -1.93 3.01
1.12 0.99 -1.93 2.83
1.19 0.99 -1.93 2.55
1.25 0.99 -1.93 2.99
1.31 0.99 -1.93 3.08
1.38 0.99 -1.93 3.00
1.44 0.99 -1.93 3.50
0.50 1.06 -1.93 3.86
0.56 1.06 -1.93 3.92
0.62 1.06 -1.93 3.57
0.69 1.06 -1.93 3.57
0.75 1.06 -1.93 3.52
0.81 1.06 -1.93 3.46
0.88 1.06 -1.93 2.92
0.94 1.06 -1.93 3.29
1.00 1.06 -1.93 3.23
1.06 1.06 -1.93 3.24
1.12 1.06 -1.93 3.02
1.19 1.06 -1.93 2.90
1.25 1.06 -1.93 2.65
1.31 1.06 -1.93 2.56
1.38 1.06 -1.93 2.95
1.44 1.06 -1.93 3.10
0.50 1.13 -1.93 3.73
0.56 1.13 -1.93 3.79
0.62 1.13 -1.93 3.92
0.69 1.13 -1.93 3.65
0.75 1.13 -1.93 3.52
0.81 1.13 -1.93 3.39
0.88 1.13 -1.93 3.32
0.94 1.13 -1.93 3.13
1.00 1.13 -1.93 3.17
1.06 1.13 -1.93 3.13
1.12 1.13 -1.93 2.78
1.19 1.13 -1.93 2.68
1.25 1.13 -1.93 2.81
1.31 1.13 -1.93 2.69
1.38 1.13 -1.93 2.84
1.44 1.13 -1.93 3.15
0.50 0.10 -1.79 10.31
0.56 0.10 -1.79 14.83
0.62 0.10 -1.79 24.84
0.69 0.10 -1.79 42.22
0.75 0.10 -1.79 69.45
0.81 0.10 -1.79 123.84
0.88 0.10 -1.79 199.79
0.94 0.10 -1.79 361.07
1.00 0.10 -1.79 536.33
1.06 0.10 -1.79 705.76
1.12 0.10 -1.79 919.67
1.19 0.10 -1.79 1204.19
1.25 0.10 -1.79 1548.10
1.31 0.10 -1.79 1648.91
1.38 0.10 -1.79 1611.68
1.44 0.10 -1.79 1371.12
0.50 0.17 -1.79 2.73
0.56 0.17 -1.79 3.39
0.62 0.17 -1.79 5.33
0.69 0.17 -1.79 9.42
0.75 0.17 -1.79 13.09
0.81 0.17 -1.79 25.24
0.88 0.17 -1.79 54.18
0.94 0.17 -1.79 68.81
1.00 0.17 -1.79 108.89
1.06 0.17 -1.79 134.52
1.12 0.17 -1.79 190.62
1.19 0.17 -1.79 227.60
1.25 0.17 -1.79 283.74
1.31 0.17 -1.79 378.95
1.38 0.17 -1.79 427.27
1.44 0.17 -1.79 539.25
0.50 0.24 -1.79 2.20
0.56 0.24 -1.79 2.05
0.62 0.24 -1.79 2.61
0.69 0.24 -1.79 3.07
0.75 0.24 -1.79 5.05
0.81 0.24 -1.79 7.80
0.88 0.24 -1.79 12.23
0.94 0.24 -1.79 20.55
1.00 0.24 -1.79 34.07
1.06 0.24 -1.79 47.15
1.12 0.24 -1.79 63.57
1.19 0.24 -1.79 86.54
1.25 0.24 -1.79 103.04
1.31 0.24 -1.79 131.08
1.38 0.24 -1.79 161.89
1.44 0.24 -1.79 179.36
0.50 0.31 -1.79 2.63
0.56 0.31 -1.79 2.42
0.62 0.31 -1.79 2.28
0.69 0.31 -1.79 2.30
0.75 0.31 -1.79 2.74
0.81 0.31 -1.79 4.99
0.88 0.31 -1.79 6.10
0.94 0.31 -1.79 8.34
1.00 0.31 -1.79 13.04
1.06 0.31 -1.79 22.76
1.12 0.31 -1.79 29.72
1.19 0.31 -1.79 30.62
1.25 0.31 -1.79 46.49
1.31 0.31 -1.79 50.72
1.38 0.31 -1.79 58.25
1.44 0.31 -1.79 80.03
0.50 0.38 -1.79 3.03
0.56 0.38 -1.79 2.60
0.62 0.38 -1.79 2.48
0.69 0.38 -1.79 2.29
0.75 0.38 -1.79 2.33
0.81 0.38 -1.79 3.54
0.88 0.38 -1.79 4.17
0.94 0.38 -1.79 4.09
1.00 0.38 -1.79 6.83
1.06 0.38 -1.79 11.07
1.12 0.38 -1.79 10.63
1.19 0.38 -1.79 18.21
1.25 0.38 -1.79 20.15
1.31 0.38 -1.79 21.89
1.38 0.38 -1.79 33.06
1.44 0.38 -1.79 39.18
0.50 0.44 -1.79 3.19
0.56 0.44 -1.79 2.92
0.62 0.44 -1.79 2.70
0.69 0.44 -1.79 2.58
0.75 0.44 -1.79 2.53
0.81 0.44 -1.79 2.55
0.88 0.44 -1.79 3.07
0.94 0.44 -1.79 3.83
1.00 0.44 -1.79 6.63
1.06 0.44 -1.79 5.70
1.12 0.44 -1.79 10.53
1.19 0.44 -1.79 10.52
1.25 0.44 -1.79 11.39
1.31 0.44 -1.79 21.56
1.38 0.44 -1.79 21.47
1.44 0.44 -1.79 27.13
0.50 0.51 -1.79 3.47
0.56 0.51 -1.79 3.17
0.62 0.51 -1.79 3.05
0.69 0.51 -1.79 3.05
0.75 0.51 -1.79 2.70
0.81 0.51 -1.79 2.79
0.88 0.51 -1.79 2.65
0.94 0.51 -1.79 3.36
1.00 0.51 -1.79 3.22
1.06 0.51 -1.79 5.03
1.12 0.51 -1.79 6.04
1.19 0.51 -1.79 7.79
1.25 0.51 -1.79 9.11
1.31 0.51 -1.79 13.59
1.38 0.51 -1.79 10.95
1.44 0.51 -1.79 16.97
0.50 0.58 -1.79 3.58
0.56 0.58 -1.79 3.55
0.62 0.58 -1.79 3.31
0.69 0.58 -1.79 3.05
0.75 0.58 -1.79 2.80
0.81 0.58 -1.79 2.91
0.88 0.58 -1.79 2.90
0.94 0.58 -1.79 3.52
1.00 0.58 -1.79 3.03
1.06 0.58 -1.79 3.57
1.12 0.58 -1.79 4.52
1.19 0.58 -1.79 5.98
1.25 0.58 -1.79 7.50
1.31 0.58 -1.79 9.30
1.38 0.58 -1.79 9.89
1.44 0.58 -1.79 10.46
0.50 0.65 -1.79 3.80
0.56 0.65 -1.79 3.48
0.62 0.65 -1.79 3.48
0.69 0.65 -1.79 3.28
0.75 0.65 -1.79 3.26
0.81 0.65 -1.79 2.97
0.88 0.65 -1.79 3.05
0.94 0.65 -1.79 3.15
1.00 0.65 -1.79 3.12
1.06 0.65 -1.79 3.09
1.12 0.65 -1.79 3.85
1.19 0.65 -1.79 4.87
1.25 0.65 -1.79 5.43
1.31 0.65 -1.79 6.72
1.38 0.65 -1.79 5.56
1.44 0.65 -1.79 7.81
0.50 0.72 -1.79 3.84
0.56 0.72 -1.79 3.66
0.62 0.72 -1.79 3.68
0.69 0.72 -1.79 3.39
0.75 0.72 -1.79 3.18
0.81 0.72 -1.79 3.22
0.88 0.72 -1.79 3.08
0.94 0.72 -1.79 3.06
1.00 0.72 -1.79 2.97
1.06 0.72 -1.79 3.86
1.12 0.72 -1.79 3.68
1.19 0.72 -1.79 4.23
1.25 0.72 -1.79 4.30
1.31 0.72 -1.79 6.25
1.38 0.72 -1.79 6.44
1.44 0.72 -1.79 7.51
0.50 0.79 -1.79 4.00
0.56 0.79 -1.79 3.84
0.62 0.79 -1.79 3.59
0.69 0.79 -1.79 3.70
0.75 0.79 -1.79 3.58
0.81 0.79 -1.79 3.31
0.88 0.79 -1.79 3.23
0.94 0.79 -1.79 3.35
1.00 0.79 -1.79 3.11
1.06 0.79 -1.79 3.04
1.12 0.79 -1.79 3.61
1.19 0.79 -1.79 3.37
1.25 0.79 -1.79 3.93
1.31 0.79 -1.79 5.36
1.38 0.79 -1.79 5.23
1.44 0.79 -1.79 7.18
0.50 0.86 -1.79 3.95
0.56 0.86 -1.79 3.72
0.62 0.86 -1.79 3.83
0.69 0.86 -1.79 3.68
0.75 0.86 -1.79 3.72
0.81 0.86 -1.79 3.52
0.88 0.86 -1.79 3.60
0.94 0.86 -1.79 3.29
1.00 0.86 -1.79 3.39
1.06 0.86 -1.79 3.19
1.12 0.86 -1.79 3.52
1.19 0.86 -1.79 3.62
1.25 0.86 -1.79 3.48
1.31 0.86 -1.79 4.82
1.38 0.86 -1.79 5.22
1.44 0.86 -1.79 5.61
0.50 0.93 -1.79 4.09
0.56 0.93 -1.79 3.80
0.62 0.93 -1.79 3.90
0.69 0.93 -1.79 3.77
0.75 0.93 -1.79 3.83
0.81 0.93 -1.79 3.85
0.88 0.93 -1.79 3.57
0.94 0.93 -1.79 3.57
1.00 0.93 -1.79 3.59
1.06 0.93 -1.79 3.14
1.12 0.93 -1.79 3.23
1.19 0.93 -1.79 3.46
1.25 0.93 -1.79 3.82
1.31 0.93 -1.79 3.79
1.38 0.93 -1.79 4.20
1.44 0.93 -1.79 3.52
0.50 0.99 -1.79 3.95
0.56 0.99 -1.79 4.00
0.62 0.99 -1.79 3.91
0.69 0.99 -1.79 3.81
0.75 0.99 -1.79 3.56
0.81 0.99 -1.79 3.70
0.88 0.99 -1.79 3.56
0.94 0.99 -1.79 3.53
1.00 0.99 -1.79 3.53
1.06 0.99 -1.79 3.52
1.12 0.99 -1.79 3.33
1.19 0.99 -1.79 3.58
1.25 0.99 -1.79 3.52
1.31 0.99 -1.79 3.80
1.38 0.99 -1.79 3.45
1.44 0.99 -1.79 4.05
0.50 1.06 -1.79 4.07
0.56 1.06 -1.79 4.03
0.62 1.06 -1.79 4.10
0.69 1.06 -1.79 4.08
0.75 1.06 -1.79 3.95
0.81 1.06 -1.79 3.86
0.88 1.06 -1.79 3.65
0.94 1.06 -1.79 3.81
1.00 1.06 -1.79 3.53
1.06 1.06 -1.79 3.58
1.12 1.06 -1.79 3.48
1.19 1.06 -1.79 3.67
1.25 1.06 -1.79 4.17
1.31 1.06 -1.79 4.20
1.38 1.06 -1.79 3.76
1.44 1.06 -1.79 4.41
0.50 1.13 -1.79 4.15
0.56 1.13 -1.79 3.92
0.62 1.13 -1.79 4.00
0.69 1.13 -1.79 3.92
0.75 1.13 -1.79 4.07
0.81 1.13 -1.79 3.75
0.88 1.13 -1.79 3.91
0.94 1.13 -1.79 3.69
1.00 1.13 -1.79 3.61
1.06 1.13 -1.79 3.81
1.12 1.13 -1.79 4.15
1.19 1.13 -1.79 3.74
1.25 1.13 -1.79 3.61
1.31 1.13 -1.79 3.54
1.38 1.13 -1.79 3.56
1.44 1.13 -1.79 3.33
0.50 0.10 -1.66 9.30
0.56 0.10 -1.66 14.49
0.62 0.10 -1.66 22.24
0.69 0.10 -1.66 41.83
0.75 0.10 -1.66 73.74
0.81 0.10 -1.66 123.38
0.88 0.10 -1.66 201.50
0.94 0.10 -1.66 342.79
1.00 0.10 -1.66 506.40
1.06 0.10 -1.66 666.08
1.12 0.10 -1.66 868.31
1.19 0.10 -1.66 1121.60
1.25 0.10 -1.66 1405.54
1.31 0.10 -1.66 1592.85
1.38 0.10 -1.66 1776.56
1.44 0.10 -1.66 1536.29
0.50 0.17 -1.66 3.03
0.56 0.17 -1.66 4.13
0.62 0.17 -1.66 5.87
0.69 0.17 -1.66 9.25
0.75 0.17 -1.66 16.44
0.81 0.17 -1.66 24.52
0.88 0.17 -1.66 47.63
0.94 0.17 -1.66 81.83
1.00 0.17 -1.66 114.01
1.06 0.17 -1.66 146.67
1.12 0.17 -1.66 199.66
1.19 0.17 -1.66 254.05
1.25 0.17 -1.66 300.89
1.31 0.17 -1.66 352.83
1.38 0.17 -1.66 391.15
1.44 0.17 -1.66 501.39
0.50 0.24 -1.66 2.53
0.56 0.24 -1.66 2.56
0.62 0.24 -1.66 2.90
0.69 0.24 -1.66 4.81
0.75 0.24 -1.66 5.99
0.81 0.24 -1.66 10.68
0.88 0.24 -1.66 16.77
0.94 0.24 -1.66 28.64
1.00 0.24 -1.66 43.37
1.06 0.24 -1.66 54.08
1.12 0.24 -1.66 59.22
1.19 0.24 -1.66 106.17
1.25 0.24 -1.66 116.36
1.31 0.24 -1.66 141.62
1.38 0.24 -1.66 159.68
1.44 0.24 -1.66 192.51
0.50 0.31 -1.66 2.84
0.56 0.31 -1.66 2.64
0.62 0.31 -1.66 2.54
0.69 0.31 -1.66 2.87
0.75 0.31 -1.66 3.19
0.81 0.31 -1.66 4.72
0.88 0.31 -1.66 10.47
0.94 0.31 -1.66 13.98
1.00 0.31 -1.66 18.40
1.06 0.31 -1.66 27.99
1.12 0.31 -1.66 36.89
1.19 0.31 -1.66 39.42
1.25 0.31 -1.66 45.52
1.31 0.31 -1.66 63.28
1.38 0.31 -1.66 68.84
1.44 0.31 -1.66 95.45
0.50 0.38 -1.66 3.12
0.56 0.38 -1.66 3.10
0.62 0.38 -1.66 2.86
0.69 0.38 -1.66 2.82
0.75 0.38 -1.66 3.11
0.81 0.38 -1.66 4.21
0.88 0.38 -1.66 4.43
0.94 0.38 -1.66 6.83
1.00 0.38 -1.66 11.58
1.06 0.38 -1.66 15.24
1.12 0.38 -1.66 15.28
1.19 0.38 -1.66 24.19
1.25 0.38 -1.66 29.21
1.31 0.38 -1.66 36.96
1.38 0.38 -1.66 41.82
1.44 0.38 -1.66 52.75
0.50 0.44 -1.66 3.50
0.56 0.44 -1.66 3.33
0.62 0.44 -1.66 3.01
0.69 0.44 -1.66 3.06
0.75 0.44 -1.66 3.07
0.81 0.44 -1.66 3.28
0.88 0.44 -1.66 5.13
0.94 0.44 -1.66 5.78
1.00 0.44 -1.66 7.34
1.06 0.44 -1.66 10.47
1.12 0.44 -1.66 12.70
1.19 0.44 -1.66 15.95
1.25 0.44 -1.66 22.92
1.31 0.44 -1.66 23.15
1.38 0.44 -1.66 27.93
1.44 0.44 -1.66 28.72
0.50 0.51 -1.66 3.62
0.56 0.51 -1.66 3.52
0.62 0.51 -1.66 3.21
0.69 0.51 -1.66 3.23
0.75 0.51 -1.66 3.26
0.81 0.51 -1.66 3.26
0.88 0.51 -1.66 3.52
0.94 0.51 -1.66 4.20
1.00 0.51 -1.66 4.91
1.06 0.51 -1.66 5.76
1.12 0.51 -1.66 8.18
1.19 0.51 -1.66 12.31
1.25 0.51 -1.66 11.88
1.31 0.51 -1.66 14.90
1.38 0.51 -1.66 19.53
1.44 0.51 -1.66 21.83
0.50 0.58 -1.66 3.84
0.56 0.58 -1.66 3.71
0.62 0.58 -1.66 3.55
0.69 0.58 -1.66 3.45
0.75 0.58 -1.66 3.26
0.81 0.58 -1.66 3.32
0.88 0.58 -1.66 3.24
0.94 0.58 -1.66 4.14
1.00 0.58 -1.66 5.28
1.06 0.58 -1.66 4.60
1.12 0.58 -1.66 6.58
1.19 0.58 -1.66 7.47
1.25 0.58 -1.66 10.11
1.31 0.58 -1.66 13.12
1.38 0.58 -1.66 14.92
1.44 0.58 -1.66 17.58
0.50 0.65 -1.66 3.96
0.56 0.65 -1.66 3.74
0.62 0.65 -1.66 3.62
0.69 0.65 -1.66 3.72
0.75 0.65 -1.66 3.48
0.81 0.65 -1.66 3.28
0.88 0.65 -1.66 3.34
0.94 0.65 -1.66 3.52
1.00 0.65 -1.66 4.16
1.06 0.65 -1.66 4.33
1.12 0.65 -1.66 4.89
1.19 0.65 -1.66 6.19
1.25 0.65 -1.66 7.99
1.31 0.65 -1.66 9.81
1.38 0.65 -1.66 10.54
1.44 0.65 -1.66 11.60
0.50 0.72 -1.66 3.97
0.56 0.72 -1.66 3.90
0.62 0.72 -1.66 3.85
0.69 0.72 -1.66 3.45
0.75 0.72 -1.66 3.55
0.81 0.72 -1.66 3.68
0.88 0.72 -1.66 3.34
0.94 0.72 -1.66 3.85
1.00 0.72 -1.66 3.92
1.06 0.72 -1.66 3.73
1.12 0.72 -1.66 4.19
1.19 0.72 -1.66 5.26
1.25 0.72 -1.66 6.67
1.31 0.72 -1.66 6.54
1.38 0.72 -1.66 9.53
1.44 0.72 -1.66 10.29
0.50 0.79 -1.66 4.11
0.56 0.79 -1.66 4.02
0.62 0.79 -1.66 3.97
0.69 0.79 -1.66 3.68
0.75 0.79 -1.66 3.80
0.81 0.79 -1.66 3.77
0.88 0.79 -1.66 3.77
0.94 0.79 -1.66 3.67
1.00 0.79 -1.66 3.77
1.06 0.79 -1.66 4.24
1.12 0.79 -1.66 4.08
1.19 0.79 -1.66 4.78
1.25 0.79 -1.66 7.20
1.31 0.79 -1.66 5.05
1.38 0.79 -1.66 7.04
1.44 0.79 -1.66 9.42
0.50 0.86 -1.66 4.10
0.56 0.86 -1.66 4.05
0.62 0.86 -1.66 3.92
0.69 0.86 -1.66 3.97
0.75 0.86 -1.66 3.81
0.81 0.86 -1.66 3.90
0.88 0.86 -1.66 3.70
0.94 0.86 -1.66 4.07
1.00 0.86 -1.66 3.82
1.06 0.86 -1.66 4.18
1.12 0.86 -1.66 4.81
1.19 0.86 -1.66 4.53
1.25 0.86 -1.66 5.30
1.31 0.86 -1.66 6.42
1.38 0.86 -1.66 7.73
1.44 0.86 -1.66 7.80
0.50 0.93 -1.66 4.27
0.56 0.93 -1.66 4.11
0.62 0.93 -1.66 3.85
0.69 0.93 -1.66 3.94
0.75 0.93 -1.66 3.87
0.81 0.93 -1.66 3.89
0.88 0.93 -1.66 3.91
0.94 0.93 -1.66 3.91
1.00 0.93 -1.66 3.75
1.06 0.93 -1.66 4.46
1.12 0.93 -1.66 4.14
1.19 0.93 -1.66 4.39
1.25 0.93 -1.66 4.94
1.31 0.93 -1.66 4.93
1.38 0.93 -1.66 5.97
1.44 0.93 -1.66 5.02
0.50 0.99 -1.66 4.13
0.56 0.99 -1.66 4.18
0.62 0.99 -1.66 4.24
0.69 0.99 -1.66 4.09
0.75 0.99 -1.66 4.08
0.81 0.99 -1.66 4.11
0.88 0.99 -1.66 4.00
0.94 0.99 -1.66 3.85
1.00 0.99 -1.66 3.78
1.06 0.99 -1.66 4.06
1.12 0.99 -1.66 3.86
1.19 0.99 -1.66 4.35
1.25 0.99 -1.66 4.76
1.31 0.99 -1.66 4.97
1.38 0.99 -1.66 5.49
1.44 0.99 -1.66 4.86
0.50 1.06 -1.66 4.26
0.56 1.06 -1.66 4.20
0.62 1.06 -1.66 4.17
0.69 1.06 -1.66 4.13
0.75 1.06 -1.66 4.13
0.81 1.06 -1.66 3.87
0.88 1.06 -1.66 4.03
0.94 1.06 -1.66 4.08
1.00 1.06 -1.66 4.05
1.06 1.06 -1.66 4.31
1.12 1.06 -1.66 4.13
1.19 1.06 -1.66 4.27
1.25 1.06 -1.66 5.18
1.31 1.06 -1.66 4.26
1.38 1.06 -1.66 5.09
1.44 1.06 -1.66 4.90
0.50 1.13 -1.66 4.37
0.56 1.13 -1.66 4.19
0.62 1.13 -1.66 4.27
0.69 1.13 -1.66 4.12
0.75 1.13 -1.66 4.18
0.81 1.13 -1.66 4.02
0.88 1.13 -1.66 4.09
0.94 1.13 -1.66 3.88
1.00 1.13 -1.66 4.00
1.06 1.13 -1.66 4.19
1.12 1.13 -1.66 4.38
1.19 1.13 -1.66 4.35
1.25 1.13 -1.66 4.42
1.31 1.13 -1.66 4.88
1.38 1.13 -1.66 5.30
1.44 1.13 -1.66 4.96
0.50 0.10 -1.53 9.04
0.56 0.10 -1.53 13.44
0.62 0.10 -1.53 22.58
0.69 0.10 -1.53 38.89
0.75 0.10 -1.53 67.85
0.81 0.10 -1.53 118.42
0.88 0.10 -1.53 223.06
0.94 0.10 -1.53 345.23
1.00 0.10 -1.53 525.88
1.06 0.10 -1.53 655.61
1.12 0.10 -1.53 801.60
1.19 0.10 -1.53 1003.91
1.25 0.10 -1.53 1221.89
1.31 0.10 -1.53 1440.46
1.38 0.10 -1.53 1710.36
1.44 0.10 -1.53 1740.72
0.50 0.17 -1.53 3.48
0.56 0.17 -1.53 4.29
0.62 0.17 -1.53 6.07
0.69 0.17 -1.53 11.41
0.75 0.17 -1.53 18.22
0.81 0.17 -1.53 29.55
0.88 0.17 -1.53 62.49
0.94 0.17 -1.53 94.55
1.00 0.17 -1.53 124.78
1.06 0.17 -1.53 168.99
1.12 0.17 -1.53 226.36
1.19 0.17 -1.53 281.98
1.25 0.17 -1.53 303.40
1.31 0.17 -1.53 354.79
1.38 0.17 -1.53 394.44
1.44 0.17 -1.53 455.59
0.50 0.24 -1.53 2.85
0.56 0.24 -1.53 3.02
0.62 0.24 -1.53 3.42
0.69 0.24 -1.53 5.03
0.75 0.24 -1.53 8.53
0.81 0.24 -1.53 14.81
0.88 0.24 -1.53 24.07
0.94 0.24 -1.53 38.87
1.00 0.24 -1.53 62.17
1.06 0.24 -1.53 66.70
1.12 0.24 -1.53 89.71
1.19 0.24 -1.53 116.25
1.25 0.24 -1.53 129.69
1.31 0.24 -1.53 151.95
1.38 0.24 -1.53 200.99
1.44 0.24 -1.53 204.18
0.50 0.31 -1.53 3.28
0.56 0.31 -1.53 2.96
0.62 0.31 -1.53 3.03
0.69 0.31 -1.53 3.52
0.75 0.31 -1.53 4.69
0.81 0.31 -1.53 7.52
0.88 0.31 -1.53 11.80
0.94 0.31 -1.53 15.95
1.00 0.31 -1.53 27.03
1.06 0.31 -1.53 42.82
1.12 0.31 -1.53 51.07
1.19 0.31 -1.53 58.29
1.25 0.31 -1.53 62.62
1.31 0.31 -1.53 76.30
1.38 0.31 -1.53 100.98
1.44 0.31 -1.53 107.33
0.50 0.38 -1.53 3.50
0.56 0.38 -1.53 3.22
0.62 0.38 -1.53 3.07
0.69 0.38 -1.53 3.16
0.75 0.38 -1.53 3.51
0.81 0.38 -1.53 4.95
0.88 0.38 -1.53 8.17
0.94 0.38 -1.53 11.23
1.00 0.38 -1.53 16.01
1.06 0.38 -1.53 26.27
1.12 0.38 -1.53 26.24
1.19 0.38 -1.53 28.59
1.25 0.38 -1.53 39.48
1.31 0.38 -1.53 44.95
1.38 0.38 -1.53 54.43
1.44 0.38 -1.53 56.72
0.50 0.44 -1.53 3.62
0.56 0.44 -1.53 3.44
0.62 0.44 -1.53 3.29
0.69 0.44 -1.53 3.30
0.75 0.44 -1.53 3.52
0.81 0.44 -1.53 3.74
0.88 0.44 -1.53 5.88
0.94 0.44 -1.53 7.54
1.00 0.44 -1.53 8.77
1.06 0.44 -1.53 12.67
1.12 0.44 -1.53 18.46
1.19 0.44 -1.53 26.78
1.25 0.44 -1.53 24.17
1.31 0.44 -1.53 32.34
1.38 0.44 -1.53 36.30
1.44 0.44 -1.53 43.53
0.50 0.51 -1.53 3.87
0.56 0.51 -1.53 3.65
0.62 0.51 -1.53 3.56
0.69 0.51 -1.53 3.30
0.75 0.51 -1.53 3.62
0.81 0.51 -1.53 3.89
0.88 0.51 -1.53 4.38
0.94 0.51 -1.53 4.84
1.00 0.51 -1.53 8.33
1.06 0.51 -1.53 9.49
1.12 0.51 -1.53 11.17
1.19 0.51 -1.53 15.54
1.25 0.51 -1.53 20.93
1.31 0.51 -1.53 19.71
1.38 0.51 -1.53 26.12
1.44 0.51 -1.53 31.26
0.50 0.58 -1.53 4.04
0.56 0.58 -1.53 3.83
0.62 0.58 -1.53 3.63
0.69 0.58 -1.53 3.61
0.75 0.58 -1.53 3.67
0.81 0.58 -1.53 3.65
0.88 0.58 -1.53 4.26
0.94 0.58 -1.53 4.69
1.00 0.58 -1.53 5.48
1.06 0.58 -1.53 7.48
1.12 0.58 -1.53 8.96
1.19 0.58 -1.53 13.30
1.25 0.58 -1.53 14.40
1.31 0.58 -1.53 17.24
1.38 0.58 -1.53 21.95
1.44 0.58 -1.53 24.27
0.50 0.65 -1.53 4.09
0.56 0.65 -1.53 3.75
0.62 0.65 -1.53 3.86
0.69 0.65 -1.53 3.71
0.75 0.65 -1.53 3.72
0.81 0.65 -1.53 3.94
0.88 0.65 -1.53 4.52
0.94 0.65 -1.53 4.28
1.00 0.65 -1.53 4.49
1.06 0.65 -1.53 6.01
1.12 0.65 -1.53 7.63
1.19 0.65 -1.53 10.14
1.25 0.65 -1.53 12.10
1.31 0.65 -1.53 11.83
1.38 0.65 -1.53 16.03
1.44 0.65 -1.53 17.67
0.50 0.72 -1.53 4.03
0.56 0.72 -1.53 4.08
0.62 0.72 -1.53 3.96
0.69 0.72 -1.53 3.92
0.75 0.72 -1.53 3.80
0.81 0.72 -1.53 4.01
0.88 0.72 -1.53 3.91
0.94 0.72 -1.53 4.19
1.00 0.72 -1.53 4.75
1.06 0.72 -1.53 6.49
1.12 0.72 -1.53 5.69
1.19 0.72 -1.53 8.08
1.25 0.72 -1.53 9.17
1.31 0.72 -1.53 9.76
1.38 0.72 -1.53 11.96
1.44 0.72 -1.53 15.38
0.50 0.79 -1.53 4.22
0.56 0.79 -1.53 4.15
0.62 0.79 -1.53 4.08
0.69 0.79 -1.53 4.16
0.75 0.79 -1.53 3.97
0.81 0.79 -1.53 3.95
0.88 0.79 -1.53 3.88
0.94 0.79 -1.53 4.07
1.00 0.79 -1.53 4.78
1.06 0.79 -1.53 5.55
1.12 0.79 -1.53 5.58
1.19 0.79 -1.53 6.79
1.25 0.79 -1.53 8.47
1.31 0.79 -1.53 10.78
1.38 0.79 -1.53 10.65
1.44 0.79 -1.53 12.59
0.50 0.86 -1.53 4.22
0.56 0.86 -1.53 4.20
0.62 0.86 -1.53 4.20
0.69 0.86 -1.53 4.03
0.75 0.86 -1.53 3.91
0.81 0.86 -1.53 4.24
0.88 0.86 -1.53 4.25
0.94 0.86 -1.53 4.37
1.00 0.86 -1.53 4.22
1.06 0.86 -1.53 5.03
1.12 0.86 -1.53 5.72
1.19 0.86 -1.53 5.41
1.25 0.86 -1.53 6.75
1.31 0.86 -1.53 8.59
1.38 0.86 -1.53 8.45
1.44 0.86 -1.53 12.99
0.50 0.93 -1.53 4.33
0.56 0.93 -1.53 4.26
0.62 0.93 -1.53 4.20
0.69 0.93 -1.53 4.17
0.75 0.93 -1.53 4.11
0.81 0.93 -1.53 4.27
0.88 0.93 -1.53 4.21
0.94 0.93 -1.53 4.46
1.00 0.93 -1.53 4.53
1.06 0.93 -1.53 4.21
1.12 0.93 -1.53 5.10
1.19 0.93 -1.53 6.14
1.25 0.93 -1.53 6.64
1.31 0.93 -1.53 8.89
1.38 0.93 -1.53 9.42
1.44 0.93 -1.53 11.53
0.50 0.99 -1.53 4.21
0.56 0.99 -1.53 4.33
0.62 0.99 -1.53 4.22
0.69 0.99 -1.53 4.20
0.75 0.99 -1.53 4.18
0.81 0.99 -1.53 3.98
0.88 0.99 -1.53 4.22
0.94 0.99 -1.53 4.39
1.00 0.99 -1.53 4.54
1.06 0.99 -1.53 4.30
1.12 0.99 -1.53 4.92
1.19 0.99 -1.53 5.97
1.25 0.99 -1.53 5.99
1.31 0.99 -1.53 6.29
1.38 0.99 -1.53 7.21
1.44 0.99 -1.53 9.68
0.50 1.06 -1.53 4.40
0.56 1.06 -1.53 4.25
0.62 1.06 -1.53 4.28
0.69 1.06 -1.53 4.27
0.75 1.06 -1.53 4.31
0.81 1.06 -1.53 4.19
0.88 1.06 -1.53 4.40
0.94 1.06 -1.53 4.50
1.00 1.06 -1.53 4.44
1.06 1.06 -1.53 4.81
1.12 1.06 -1.53 4.92
1.19 1.06 -1.53 5.53
1.25 1.06 -1.53 6.75
1.31 1.06 -1.53 5.31
1.38 1.06 -1.53 5.79
1.44 1.06 -1.53 8.79
0.50 1.13 -1.53 4.46
0.56 1.13 -1.53 4.34
0.62 1.13 -1.53 4.36
0.69 1.13 -1.53 4.31
0.75 1.13 -1.53 4.30
0.81 1.13 -1.53 4.32
0.88 1.13 -1.53 4.33
0.94 1.13 -1.53 4.35
1.00 1.13 -1.53 4.42
1.06 1.13 -1.53 4.51
1.12 1.13 -1.53 4.84
1.19 1.13 -1.53 5.13
1.25 1.13 -1.53 5.56
1.31 1.13 -1.53 6.31
1.38 1.13 -1.53 6.83
1.44 1.13 -1.53 7.04
