0.50 0.10 -3.80 31.15
0.61 0.10 -3.80 66.17
0.71 0.10 -3.80 75.92
0.82 0.10 -3.80 444.83
0.93 0.10 -3.80 561.87
1.03 0.10 -3.80 451.97
1.14 0.10 -3.80 296.86
1.24 0.10 -3.80 360.48
1.35 0.10 -3.80 192.84
1.46 0.10 -3.80 174.45
1.56 0.10 -3.80 142.75
1.67 0.10 -3.80 131.12
1.78 0.10 -3.80 114.57
1.88 0.10 -3.80 107.00
1.99 0.10 -3.80 98.50
2.09 0.10 -3.80 93.49
0.50 0.17 -3.80 21.21
0.61 0.17 -3.80 32.58
0.71 0.17 -3.80 49.87
0.82 0.17 -3.80 241.95
0.93 0.17 -3.80 685.88
1.03 0.17 -3.80 528.68
1.14 0.17 -3.80 296.49
1.24 0.17 -3.80 328.10
1.35 0.17 -3.80 203.38
1.46 0.17 -3.80 183.39
1.56 0.17 -3.80 174.93
1.67 0.17 -3.80 123.60
1.78 0.17 -3.80 107.87
1.88 0.17 -3.80 102.18
1.99 0.17 -3.80 103.04
2.09 0.17 -3.80 96.06
0.50 0.24 -3.80 9.90
0.61 0.24 -3.80 20.83
0.71 0.24 -3.80 74.51
0.82 0.24 -3.80 377.94
0.93 0.24 -3.80 341.95
1.03 0.24 -3.80 200.36
1.14 0.24 -3.80 252.34
1.24 0.24 -3.80 232.05
1.35 0.24 -3.80 200.19
1.46 0.24 -3.80 170.55
1.56 0.24 -3.80 173.29
1.67 0.24 -3.80 117.31
1.78 0.24 -3.80 117.84
1.88 0.24 -3.80 109.17
1.99 0.24 -3.80 97.69
2.09 0.24 -3.80 97.90
0.50 0.31 -3.80 11.06
0.61 0.31 -3.80 13.37
0.71 0.31 -3.80 35.43
0.82 0.31 -3.80 30.52
0.93 0.31 -3.80 479.65
1.03 0.31 -3.80 89.13
1.14 0.31 -3.80 283.82
1.24 0.31 -3.80 208.95
1.35 0.31 -3.80 244.85
1.46 0.31 -3.80 200.15
1.56 0.31 -3.80 157.78
1.67 0.31 -3.80 176.14
1.78 0.31 -3.80 108.31
1.88 0.31 -3.80 118.79
1.99 0.31 -3.80 104.05
2.09 0.31 -3.80 98.26
0.50 0.38 -3.80 18.77
0.61 0.38 -3.80 20.31
0.71 0.38 -3.80 33.46
0.82 0.38 -3.80 402.48
0.93 0.38 -3.80 119.05
1.03 0.38 -3.80 298.40
1.14 0.38 -3.80 162.71
1.24 0.38 -3.80 253.14
1.35 0.38 -3.80 193.60
1.46 0.38 -3.80 152.21
1.56 0.38 -3.80 161.48
1.67 0.38 -3.80 158.49
1.78 0.38 -3.80 122.41
1.88 0.38 -3.80 104.91
1.99 0.38 -3.80 108.11
2.09 0.38 -3.80 104.13
0.50 0.44 -3.80 4.60
0.61 0.44 -3.80 4.71
0.71 0.44 -3.80 11.09
0.82 0.44 -3.80 7.97
0.93 0.44 -3.80 50.21
1.03 0.44 -3.80 195.42
1.14 0.44 -3.80 143.04
1.24 0.44 -3.80 212.53
1.35 0.44 -3.80 160.43
1.46 0.44 -3.80 189.15
1.56 0.44 -3.80 240.50
1.67 0.44 -3.80 141.62
1.78 0.44 -3.80 112.56
1.88 0.44 -3.80 118.27
1.99 0.44 -3.80 98.82
2.09 0.44 -3.80 101.42
0.50 0.51 -3.80 22.75
0.61 0.51 -3.80 14.25
0.71 0.51 -3.80 6.06
0.82 0.51 -3.80 15.50
0.93 0.51 -3.80 232.05
1.03 0.51 -3.80 277.71
1.14 0.51 -3.80 76.95
1.24 0.51 -3.80 36.57
1.35 0.51 -3.80 91.80
1.46 0.51 -3.80 335.07
1.56 0.51 -3.80 202.15
1.67 0.51 -3.80 122.37
1.78 0.51 -3.80 178.01
1.88 0.51 -3.80 124.35
1.99 0.51 -3.80 155.67
2.09 0.51 -3.80 103.31
0.50 0.58 -3.80 7.19
0.61 0.58 -3.80 13.79
0.71 0.58 -3.80 5.57
0.82 0.58 -3.80 10.67
0.93 0.58 -3.80 205.79
1.03 0.58 -3.80 11.09
1.14 0.58 -3.80 114.50
1.24 0.58 -3.80 21.81
1.35 0.58 -3.80 113.08
1.46 0.58 -3.80 142.16
1.56 0.58 -3.80 64.74
1.67 0.58 -3.80 135.64
1.78 0.58 -3.80 176.11
1.88 0.58 -3.80 118.65
1.99 0.58 -3.80 191.58
2.09 0.58 -3.80 104.10
0.50 0.65 -3.80 4.63
0.61 0.65 -3.80 3.24
0.71 0.65 -3.80 29.32
0.82 0.65 -3.80 21.59
0.93 0.65 -3.80 9.35
1.03 0.65 -3.80 23.45
1.14 0.65 -3.80 241.85
1.24 0.65 -3.80 52.41
1.35 0.65 -3.80 224.37
1.46 0.65 -3.80 82.58
1.56 0.65 -3.80 176.46
1.67 0.65 -3.80 74.80
1.78 0.65 -3.80 168.51
1.88 0.65 -3.80 118.13
1.99 0.65 -3.80 111.64
2.09 0.65 -3.80 140.26
0.50 0.72 -3.80 5.90
0.61 0.72 -3.80 7.34
0.71 0.72 -3.80 3.20
0.82 0.72 -3.80 19.87
0.93 0.72 -3.80 9.86
1.03 0.72 -3.80 10.23
1.14 0.72 -3.80 89.52
1.24 0.72 -3.80 13.83
1.35 0.72 -3.80 25.64
1.46 0.72 -3.80 158.67
1.56 0.72 -3.80 171.50
1.67 0.72 -3.80 154.70
1.78 0.72 -3.80 74.15
1.88 0.72 -3.80 64.73
1.99 0.72 -3.80 101.03
2.09 0.72 -3.80 54.60
0.50 0.79 -3.80 3.35
0.61 0.79 -3.80 7.96
0.71 0.79 -3.80 27.68
0.82 0.79 -3.80 24.90
0.93 0.79 -3.80 9.07
1.03 0.79 -3.80 16.41
1.14 0.79 -3.80 141.28
1.24 0.79 -3.80 142.11
1.35 0.79 -3.80 10.86
1.46 0.79 -3.80 11.28
1.56 0.79 -3.80 103.71
1.67 0.79 -3.80 25.50
1.78 0.79 -3.80 140.27
1.88 0.79 -3.80 101.90
1.99 0.79 -3.80 114.69
2.09 0.79 -3.80 111.27
0.50 0.86 -3.80 8.74
0.61 0.86 -3.80 109.76
0.71 0.86 -3.80 3.81
0.82 0.86 -3.80 7.30
0.93 0.86 -3.80 6.69
1.03 0.86 -3.80 52.90
1.14 0.86 -3.80 7.81
1.24 0.86 -3.80 129.97
1.35 0.86 -3.80 132.84
1.46 0.86 -3.80 42.41
1.56 0.86 -3.80 20.25
1.67 0.86 -3.80 23.18
1.78 0.86 -3.80 132.66
1.88 0.86 -3.80 109.24
1.99 0.86 -3.80 47.29
2.09 0.86 -3.80 96.33
0.50 0.93 -3.80 5.11
0.61 0.93 -3.80 8.06
0.71 0.93 -3.80 13.29
0.82 0.93 -3.80 5.51
0.93 0.93 -3.80 30.82
1.03 0.93 -3.80 4.98
1.14 0.93 -3.80 7.78
1.24 0.93 -3.80 9.23
1.35 0.93 -3.80 48.91
1.46 0.93 -3.80 218.69
1.56 0.93 -3.80 50.57
1.67 0.93 -3.80 169.02
1.78 0.93 -3.80 46.94
1.88 0.93 -3.80 105.64
1.99 0.93 -3.80 124.74
2.09 0.93 -3.80 143.20
0.50 0.99 -3.80 3.90
0.61 0.99 -3.80 4.51
0.71 0.99 -3.80 7.85
0.82 0.99 -3.80 5.90
0.93 0.99 -3.80 27.63
1.03 0.99 -3.80 17.32
1.14 0.99 -3.80 26.34
1.24 0.99 -3.80 17.86
1.35 0.99 -3.80 61.99
1.46 0.99 -3.80 42.17
1.56 0.99 -3.80 162.88
1.67 0.99 -3.80 15.25
1.78 0.99 -3.80 9.30
1.88 0.99 -3.80 33.40
1.99 0.99 -3.80 110.69
2.09 0.99 -3.80 106.38
0.50 1.06 -3.80 5.23
0.61 1.06 -3.80 13.65
0.71 1.06 -3.80 18.51
0.82 1.06 -3.80 4.15
0.93 1.06 -3.80 174.17
1.03 1.06 -3.80 11.57
1.14 1.06 -3.80 10.03
1.24 1.06 -3.80 49.90
1.35 1.06 -3.80 10.87
1.46 1.06 -3.80 21.56
1.56 1.06 -3.80 11.01
1.67 1.06 -3.80 75.81
1.78 1.06 -3.80 73.62
1.88 1.06 -3.80 18.95
1.99 1.06 -3.80 113.88
2.09 1.06 -3.80 55.58
0.50 1.13 -3.80 5.73
0.61 1.13 -3.80 3.09
0.71 1.13 -3.80 6.27
0.82 1.13 -3.80 7.62
0.93 1.13 -3.80 57.09
1.03 1.13 -3.80 7.82
1.14 1.13 -3.80 6.97
1.24 1.13 -3.80 75.47
1.35 1.13 -3.80 9.73
1.46 1.13 -3.80 167.04
1.56 1.13 -3.80 296.43
1.67 1.13 -3.80 187.88
1.78 1.13 -3.80 20.92
1.88 1.13 -3.80 148.57
1.99 1.13 -3.80 31.96
2.09 1.13 -3.80 36.98
0.50 0.10 -3.62 21.08
0.61 0.10 -3.62 48.98
0.71 0.10 -3.62 120.12
0.82 0.10 -3.62 500.91
0.93 0.10 -3.62 674.09
1.03 0.10 -3.62 494.16
1.14 0.10 -3.62 438.14
1.24 0.10 -3.62 381.13
1.35 0.10 -3.62 223.23
1.46 0.10 -3.62 155.08
1.56 0.10 -3.62 134.64
1.67 0.10 -3.62 127.30
1.78 0.10 -3.62 109.58
1.88 0.10 -3.62 107.50
1.99 0.10 -3.62 97.91
2.09 0.10 -3.62 97.25
0.50 0.17 -3.62 18.79
0.61 0.17 -3.62 47.44
0.71 0.17 -3.62 92.23
0.82 0.17 -3.62 296.09
0.93 0.17 -3.62 487.39
1.03 0.17 -3.62 414.04
1.14 0.17 -3.62 258.98
1.24 0.17 -3.62 246.14
1.35 0.17 -3.62 192.21
1.46 0.17 -3.62 162.50
1.56 0.17 -3.62 146.15
1.67 0.17 -3.62 150.41
1.78 0.17 -3.62 117.39
1.88 0.17 -3.62 108.85
1.99 0.17 -3.62 99.54
2.09 0.17 -3.62 98.17
0.50 0.24 -3.62 12.09
0.61 0.24 -3.62 30.68
0.71 0.24 -3.62 126.40
0.82 0.24 -3.62 155.70
0.93 0.24 -3.62 258.89
1.03 0.24 -3.62 159.06
1.14 0.24 -3.62 348.94
1.24 0.24 -3.62 278.31
1.35 0.24 -3.62 189.72
1.46 0.24 -3.62 180.11
1.56 0.24 -3.62 157.92
1.67 0.24 -3.62 127.57
1.78 0.24 -3.62 129.44
1.88 0.24 -3.62 113.25
1.99 0.24 -3.62 97.74
2.09 0.24 -3.62 96.94
0.50 0.31 -3.62 16.67
0.61 0.31 -3.62 9.31
0.71 0.31 -3.62 37.27
0.82 0.31 -3.62 41.80
0.93 0.31 -3.62 218.94
1.03 0.31 -3.62 369.84
1.14 0.31 -3.62 328.02
1.24 0.31 -3.62 238.37
1.35 0.31 -3.62 233.34
1.46 0.31 -3.62 171.80
1.56 0.31 -3.62 174.59
1.67 0.31 -3.62 129.47
1.78 0.31 -3.62 115.76
1.88 0.31 -3.62 107.96
1.99 0.31 -3.62 99.05
2.09 0.31 -3.62 99.76
0.50 0.38 -3.62 8.30
0.61 0.38 -3.62 9.51
0.71 0.38 -3.62 17.79
0.82 0.38 -3.62 30.13
0.93 0.38 -3.62 135.72
1.03 0.38 -3.62 63.35
1.14 0.38 -3.62 197.76
1.24 0.38 -3.62 191.33
1.35 0.38 -3.62 99.55
1.46 0.38 -3.62 128.38
1.56 0.38 -3.62 147.78
1.67 0.38 -3.62 126.05
1.78 0.38 -3.62 160.44
1.88 0.38 -3.62 120.19
1.99 0.38 -3.62 100.89
2.09 0.38 -3.62 95.69
0.50 0.44 -3.62 9.09
0.61 0.44 -3.62 19.28
0.71 0.44 -3.62 8.68
0.82 0.44 -3.62 156.08
0.93 0.44 -3.62 101.40
1.03 0.44 -3.62 46.39
1.14 0.44 -3.62 106.97
1.24 0.44 -3.62 247.26
1.35 0.44 -3.62 124.61
1.46 0.44 -3.62 149.26
1.56 0.44 -3.62 115.12
1.67 0.44 -3.62 145.84
1.78 0.44 -3.62 152.84
1.88 0.44 -3.62 129.00
1.99 0.44 -3.62 121.68
2.09 0.44 -3.62 117.32
0.50 0.51 -3.62 9.29
0.61 0.51 -3.62 7.89
0.71 0.51 -3.62 117.40
0.82 0.51 -3.62 20.74
0.93 0.51 -3.62 20.48
1.03 0.51 -3.62 21.26
1.14 0.51 -3.62 174.68
1.24 0.51 -3.62 222.19
1.35 0.51 -3.62 160.54
1.46 0.51 -3.62 95.07
1.56 0.51 -3.62 140.53
1.67 0.51 -3.62 140.21
1.78 0.51 -3.62 118.13
1.88 0.51 -3.62 130.08
1.99 0.51 -3.62 123.02
2.09 0.51 -3.62 97.33
0.50 0.58 -3.62 5.29
0.61 0.58 -3.62 9.70
0.71 0.58 -3.62 43.59
0.82 0.58 -3.62 9.52
0.93 0.58 -3.62 185.61
1.03 0.58 -3.62 57.16
1.14 0.58 -3.62 18.26
1.24 0.58 -3.62 77.39
1.35 0.58 -3.62 205.64
1.46 0.58 -3.62 136.47
1.56 0.58 -3.62 82.03
1.67 0.58 -3.62 132.67
1.78 0.58 -3.62 146.70
1.88 0.58 -3.62 101.78
1.99 0.58 -3.62 115.52
2.09 0.58 -3.62 95.79
0.50 0.65 -3.62 12.27
0.61 0.65 -3.62 12.40
0.71 0.65 -3.62 7.43
0.82 0.65 -3.62 31.11
0.93 0.65 -3.62 10.22
1.03 0.65 -3.62 11.00
1.14 0.65 -3.62 48.70
1.24 0.65 -3.62 276.79
1.35 0.65 -3.62 42.58
1.46 0.65 -3.62 161.21
1.56 0.65 -3.62 149.17
1.67 0.65 -3.62 155.38
1.78 0.65 -3.62 158.67
1.88 0.65 -3.62 90.17
1.99 0.65 -3.62 113.87
2.09 0.65 -3.62 98.05
0.50 0.72 -3.62 11.27
0.61 0.72 -3.62 18.78
0.71 0.72 -3.62 16.96
0.82 0.72 -3.62 8.12
0.93 0.72 -3.62 5.33
1.03 0.72 -3.62 27.32
1.14 0.72 -3.62 10.16
1.24 0.72 -3.62 12.91
1.35 0.72 -3.62 132.22
1.46 0.72 -3.62 14.94
1.56 0.72 -3.62 33.23
1.67 0.72 -3.62 54.19
1.78 0.72 -3.62 108.53
1.88 0.72 -3.62 125.04
1.99 0.72 -3.62 116.79
2.09 0.72 -3.62 109.94
0.50 0.79 -3.62 8.17
0.61 0.79 -3.62 7.77
0.71 0.79 -3.62 8.71
0.82 0.79 -3.62 9.87
0.93 0.79 -3.62 6.48
1.03 0.79 -3.62 5.62
1.14 0.79 -3.62 48.57
1.24 0.79 -3.62 60.94
1.35 0.79 -3.62 73.32
1.46 0.79 -3.62 168.89
1.56 0.79 -3.62 107.60
1.67 0.79 -3.62 143.17
1.78 0.79 -3.62 136.32
1.88 0.79 -3.62 126.82
1.99 0.79 -3.62 23.41
2.09 0.79 -3.62 61.03
0.50 0.86 -3.62 7.61
0.61 0.86 -3.62 10.42
0.71 0.86 -3.62 17.38
0.82 0.86 -3.62 17.58
0.93 0.86 -3.62 13.03
1.03 0.86 -3.62 10.52
1.14 0.86 -3.62 24.87
1.24 0.86 -3.62 7.19
1.35 0.86 -3.62 254.83
1.46 0.86 -3.62 123.42
1.56 0.86 -3.62 194.49
1.67 0.86 -3.62 110.07
1.78 0.86 -3.62 193.74
1.88 0.86 -3.62 12.84
1.99 0.86 -3.62 76.56
2.09 0.86 -3.62 98.17
0.50 0.93 -3.62 3.28
0.61 0.93 -3.62 13.21
0.71 0.93 -3.62 3.98
0.82 0.93 -3.62 16.14
0.93 0.93 -3.62 24.24
1.03 0.93 -3.62 6.85
1.14 0.93 -3.62 37.24
1.24 0.93 -3.62 182.38
1.35 0.93 -3.62 6.47
1.46 0.93 -3.62 158.94
1.56 0.93 -3.62 70.64
1.67 0.93 -3.62 113.62
1.78 0.93 -3.62 131.88
1.88 0.93 -3.62 28.00
1.99 0.93 -3.62 121.19
2.09 0.93 -3.62 44.17
0.50 0.99 -3.62 6.50
0.61 0.99 -3.62 3.00
0.71 0.99 -3.62 4.76
0.82 0.99 -3.62 42.06
0.93 0.99 -3.62 9.61
1.03 0.99 -3.62 13.25
1.14 0.99 -3.62 28.89
1.24 0.99 -3.62 11.07
1.35 0.99 -3.62 145.09
1.46 0.99 -3.62 130.79
1.56 0.99 -3.62 6.30
1.67 0.99 -3.62 17.18
1.78 0.99 -3.62 160.70
1.88 0.99 -3.62 110.50
1.99 0.99 -3.62 129.65
2.09 0.99 -3.62 210.01
0.50 1.06 -3.62 4.14
0.61 1.06 -3.62 2.98
0.71 1.06 -3.62 4.97
0.82 1.06 -3.62 22.03
0.93 1.06 -3.62 68.66
1.03 1.06 -3.62 14.78
1.14 1.06 -3.62 158.35
1.24 1.06 -3.62 11.51
1.35 1.06 -3.62 109.29
1.46 1.06 -3.62 10.00
1.56 1.06 -3.62 23.21
1.67 1.06 -3.62 113.76
1.78 1.06 -3.62 20.46
1.88 1.06 -3.62 44.21
1.99 1.06 -3.62 58.66
2.09 1.06 -3.62 77.96
0.50 1.13 -3.62 2.02
0.61 1.13 -3.62 10.63
0.71 1.13 -3.62 16.00
0.82 1.13 -3.62 9.42
0.93 1.13 -3.62 7.38
1.03 1.13 -3.62 6.01
1.14 1.13 -3.62 13.42
1.24 1.13 -3.62 12.58
1.35 1.13 -3.62 9.69
1.46 1.13 -3.62 85.50
1.56 1.13 -3.62 10.05
1.67 1.13 -3.62 131.27
1.78 1.13 -3.62 11.58
1.88 1.13 -3.62 22.09
1.99 1.13 -3.62 11.83
2.09 1.13 -3.62 107.93
0.50 0.10 -3.45 52.08
0.61 0.10 -3.45 50.82
0.71 0.10 -3.45 96.23
0.82 0.10 -3.45 359.57
0.93 0.10 -3.45 647.39
1.03 0.10 -3.45 575.58
1.14 0.10 -3.45 340.73
1.24 0.10 -3.45 273.88
1.35 0.10 -3.45 212.84
1.46 0.10 -3.45 171.36
1.56 0.10 -3.45 137.46
1.67 0.10 -3.45 120.65
1.78 0.10 -3.45 113.00
1.88 0.10 -3.45 105.65
1.99 0.10 -3.45 100.57
2.09 0.10 -3.45 97.37
0.50 0.17 -3.45 22.76
0.61 0.17 -3.45 52.34
0.71 0.17 -3.45 55.71
0.82 0.17 -3.45 137.28
0.93 0.17 -3.45 425.11
1.03 0.17 -3.45 383.66
1.14 0.17 -3.45 362.32
1.24 0.17 -3.45 325.93
1.35 0.17 -3.45 251.31
1.46 0.17 -3.45 161.34
1.56 0.17 -3.45 144.49
1.67 0.17 -3.45 122.44
1.78 0.17 -3.45 108.76
1.88 0.17 -3.45 110.73
1.99 0.17 -3.45 105.05
2.09 0.17 -3.45 97.85
0.50 0.24 -3.45 36.34
0.61 0.24 -3.45 23.52
0.71 0.24 -3.45 18.41
0.82 0.24 -3.45 69.05
0.93 0.24 -3.45 245.30
1.03 0.24 -3.45 403.34
1.14 0.24 -3.45 408.91
1.24 0.24 -3.45 347.75
1.35 0.24 -3.45 257.95
1.46 0.24 -3.45 167.04
1.56 0.24 -3.45 191.17
1.67 0.24 -3.45 130.07
1.78 0.24 -3.45 112.14
1.88 0.24 -3.45 103.76
1.99 0.24 -3.45 95.63
2.09 0.24 -3.45 96.74
0.50 0.31 -3.45 9.91
0.61 0.31 -3.45 21.78
0.71 0.31 -3.45 25.42
0.82 0.31 -3.45 30.06
0.93 0.31 -3.45 125.02
1.03 0.31 -3.45 280.01
1.14 0.31 -3.45 104.89
1.24 0.31 -3.45 287.59
1.35 0.31 -3.45 184.41
1.46 0.31 -3.45 162.14
1.56 0.31 -3.45 173.74
1.67 0.31 -3.45 158.60
1.78 0.31 -3.45 124.73
1.88 0.31 -3.45 112.61
1.99 0.31 -3.45 113.40
2.09 0.31 -3.45 109.09
0.50 0.38 -3.45 8.83
0.61 0.38 -3.45 15.62
0.71 0.38 -3.45 13.72
0.82 0.38 -3.45 74.25
0.93 0.38 -3.45 282.60
1.03 0.38 -3.45 239.97
1.14 0.38 -3.45 163.71
1.24 0.38 -3.45 100.18
1.35 0.38 -3.45 244.13
1.46 0.38 -3.45 269.24
1.56 0.38 -3.45 116.50
1.67 0.38 -3.45 144.65
1.78 0.38 -3.45 129.37
1.88 0.38 -3.45 111.61
1.99 0.38 -3.45 113.16
2.09 0.38 -3.45 101.33
0.50 0.44 -3.45 3.30
0.61 0.44 -3.45 76.49
0.71 0.44 -3.45 20.75
0.82 0.44 -3.45 9.95
0.93 0.44 -3.45 174.44
1.03 0.44 -3.45 284.44
1.14 0.44 -3.45 235.92
1.24 0.44 -3.45 86.05
1.35 0.44 -3.45 118.22
1.46 0.44 -3.45 178.90
1.56 0.44 -3.45 158.42
1.67 0.44 -3.45 133.77
1.78 0.44 -3.45 158.73
1.88 0.44 -3.45 137.95
1.99 0.44 -3.45 113.42
2.09 0.44 -3.45 94.23
0.50 0.51 -3.45 10.30
0.61 0.51 -3.45 3.69
0.71 0.51 -3.45 7.35
0.82 0.51 -3.45 18.84
0.93 0.51 -3.45 28.66
1.03 0.51 -3.45 31.81
1.14 0.51 -3.45 83.46
1.24 0.51 -3.45 228.05
1.35 0.51 -3.45 137.70
1.46 0.51 -3.45 170.21
1.56 0.51 -3.45 158.70
1.67 0.51 -3.45 144.05
1.78 0.51 -3.45 141.00
1.88 0.51 -3.45 161.84
1.99 0.51 -3.45 102.41
2.09 0.51 -3.45 99.66
0.50 0.58 -3.45 5.56
0.61 0.58 -3.45 7.68
0.71 0.58 -3.45 481.81
0.82 0.58 -3.45 7.22
0.93 0.58 -3.45 426.41
1.03 0.58 -3.45 9.98
1.14 0.58 -3.45 15.55
1.24 0.58 -3.45 35.55
1.35 0.58 -3.45 177.75
1.46 0.58 -3.45 120.48
1.56 0.58 -3.45 187.23
1.67 0.58 -3.45 46.83
1.78 0.58 -3.45 167.86
1.88 0.58 -3.45 134.88
1.99 0.58 -3.45 104.87
2.09 0.58 -3.45 107.16
0.50 0.65 -3.45 6.14
0.61 0.65 -3.45 8.47
0.71 0.65 -3.45 3.72
0.82 0.65 -3.45 10.30
0.93 0.65 -3.45 57.72
1.03 0.65 -3.45 11.79
1.14 0.65 -3.45 315.28
1.24 0.65 -3.45 15.27
1.35 0.65 -3.45 17.96
1.46 0.65 -3.45 291.62
1.56 0.65 -3.45 21.45
1.67 0.65 -3.45 233.69
1.78 0.65 -3.45 92.13
1.88 0.65 -3.45 106.95
1.99 0.65 -3.45 114.68
2.09 0.65 -3.45 106.13
0.50 0.72 -3.45 7.06
0.61 0.72 -3.45 21.05
0.71 0.72 -3.45 2.84
0.82 0.72 -3.45 5.34
0.93 0.72 -3.45 32.44
1.03 0.72 -3.45 22.53
1.14 0.72 -3.45 20.19
1.24 0.72 -3.45 19.16
1.35 0.72 -3.45 49.15
1.46 0.72 -3.45 70.95
1.56 0.72 -3.45 38.22
1.67 0.72 -3.45 31.08
1.78 0.72 -3.45 120.80
1.88 0.72 -3.45 83.12
1.99 0.72 -3.45 142.75
2.09 0.72 -3.45 117.51
0.50 0.79 -3.45 7.46
0.61 0.79 -3.45 11.49
0.71 0.79 -3.45 18.49
0.82 0.79 -3.45 19.58
0.93 0.79 -3.45 7.80
1.03 0.79 -3.45 9.33
1.14 0.79 -3.45 238.17
1.24 0.79 -3.45 27.23
1.35 0.79 -3.45 112.56
1.46 0.79 -3.45 94.41
1.56 0.79 -3.45 140.89
1.67 0.79 -3.45 41.23
1.78 0.79 -3.45 90.61
1.88 0.79 -3.45 146.74
1.99 0.79 -3.45 188.11
2.09 0.79 -3.45 109.82
0.50 0.86 -3.45 4.07
0.61 0.86 -3.45 3.74
0.71 0.86 -3.45 3.06
0.82 0.86 -3.45 5.91
0.93 0.86 -3.45 30.87
1.03 0.86 -3.45 9.40
1.14 0.86 -3.45 21.67
1.24 0.86 -3.45 10.02
1.35 0.86 -3.45 102.36
1.46 0.86 -3.45 49.39
1.56 0.86 -3.45 19.25
1.67 0.86 -3.45 117.56
1.78 0.86 -3.45 19.19
1.88 0.86 -3.45 158.62
1.99 0.86 -3.45 137.18
2.09 0.86 -3.45 30.04
0.50 0.93 -3.45 2.91
0.61 0.93 -3.45 8.33
0.71 0.93 -3.45 11.56
0.82 0.93 -3.45 5.36
0.93 0.93 -3.45 12.10
1.03 0.93 -3.45 14.35
1.14 0.93 -3.45 9.48
1.24 0.93 -3.45 14.93
1.35 0.93 -3.45 288.43
1.46 0.93 -3.45 79.79
1.56 0.93 -3.45 9.95
1.67 0.93 -3.45 61.44
1.78 0.93 -3.45 150.91
1.88 0.93 -3.45 35.01
1.99 0.93 -3.45 82.14
2.09 0.93 -3.45 63.88
0.50 0.99 -3.45 3.67
0.61 0.99 -3.45 5.31
0.71 0.99 -3.45 4.59
0.82 0.99 -3.45 3.27
0.93 0.99 -3.45 4.67
1.03 0.99 -3.45 7.30
1.14 0.99 -3.45 3.91
1.24 0.99 -3.45 7.14
1.35 0.99 -3.45 101.06
1.46 0.99 -3.45 8.02
1.56 0.99 -3.45 25.52
1.67 0.99 -3.45 18.47
1.78 0.99 -3.45 79.57
1.88 0.99 -3.45 231.27
1.99 0.99 -3.45 35.69
2.09 0.99 -3.45 27.54
0.50 1.06 -3.45 6.96
0.61 1.06 -3.45 35.54
0.71 1.06 -3.45 4.28
0.82 1.06 -3.45 5.02
0.93 1.06 -3.45 5.39
1.03 1.06 -3.45 26.80
1.14 1.06 -3.45 27.21
1.24 1.06 -3.45 9.38
1.35 1.06 -3.45 171.45
1.46 1.06 -3.45 15.05
1.56 1.06 -3.45 123.29
1.67 1.06 -3.45 32.18
1.78 1.06 -3.45 65.28
1.88 1.06 -3.45 169.27
1.99 1.06 -3.45 64.03
2.09 1.06 -3.45 145.98
0.50 1.13 -3.45 2.62
0.61 1.13 -3.45 5.11
0.71 1.13 -3.45 4.11
0.82 1.13 -3.45 3.06
0.93 1.13 -3.45 12.53
1.03 1.13 -3.45 4.11
1.14 1.13 -3.45 8.37
1.24 1.13 -3.45 14.44
1.35 1.13 -3.45 214.21
1.46 1.13 -3.45 33.46
1.56 1.13 -3.45 6.76
1.67 1.13 -3.45 147.61
1.78 1.13 -3.45 21.20
1.88 1.13 -3.45 150.98
1.99 1.13 -3.45 29.16
2.09 1.13 -3.45 123.62
0.50 0.10 -3.28 16.39
0.61 0.10 -3.28 41.29
0.71 0.10 -3.28 123.18
0.82 0.10 -3.28 293.64
0.93 0.10 -3.28 624.27
1.03 0.10 -3.28 587.31
1.14 0.10 -3.28 357.15
1.24 0.10 -3.28 333.17
1.35 0.10 -3.28 202.81
1.46 0.10 -3.28 176.80
1.56 0.10 -3.28 136.54
1.67 0.10 -3.28 130.58
1.78 0.10 -3.28 114.64
1.88 0.10 -3.28 104.24
1.99 0.10 -3.28 98.37
2.09 0.10 -3.28 97.51
0.50 0.17 -3.28 38.49
0.61 0.17 -3.28 40.37
0.71 0.17 -3.28 48.40
0.82 0.17 -3.28 141.50
0.93 0.17 -3.28 609.70
1.03 0.17 -3.28 439.11
1.14 0.17 -3.28 386.12
1.24 0.17 -3.28 265.51
1.35 0.17 -3.28 245.56
1.46 0.17 -3.28 186.70
1.56 0.17 -3.28 137.66
1.67 0.17 -3.28 129.87
1.78 0.17 -3.28 117.04
1.88 0.17 -3.28 102.66
1.99 0.17 -3.28 100.82
2.09 0.17 -3.28 97.80
0.50 0.24 -3.28 9.70
0.61 0.24 -3.28 20.20
0.71 0.24 -3.28 83.46
0.82 0.24 -3.28 65.20
0.93 0.24 -3.28 120.43
1.03 0.24 -3.28 321.74
1.14 0.24 -3.28 173.61
1.24 0.24 -3.28 231.20
1.35 0.24 -3.28 234.01
1.46 0.24 -3.28 209.00
1.56 0.24 -3.28 165.47
1.67 0.24 -3.28 134.62
1.78 0.24 -3.28 113.41
1.88 0.24 -3.28 119.61
1.99 0.24 -3.28 105.05
2.09 0.24 -3.28 102.13
0.50 0.31 -3.28 17.52
0.61 0.31 -3.28 57.86
0.71 0.31 -3.28 242.08
0.82 0.31 -3.28 117.88
0.93 0.31 -3.28 419.49
1.03 0.31 -3.28 272.22
1.14 0.31 -3.28 113.90
1.24 0.31 -3.28 141.04
1.35 0.31 -3.28 200.37
1.46 0.31 -3.28 184.86
1.56 0.31 -3.28 155.86
1.67 0.31 -3.28 120.93
1.78 0.31 -3.28 125.38
1.88 0.31 -3.28 95.86
1.99 0.31 -3.28 110.21
2.09 0.31 -3.28 102.64
0.50 0.38 -3.28 7.61
0.61 0.38 -3.28 12.22
0.71 0.38 -3.28 18.33
0.82 0.38 -3.28 24.19
0.93 0.38 -3.28 56.67
1.03 0.38 -3.28 86.50
1.14 0.38 -3.28 264.83
1.24 0.38 -3.28 125.51
1.35 0.38 -3.28 201.31
1.46 0.38 -3.28 184.73
1.56 0.38 -3.28 166.45
1.67 0.38 -3.28 123.23
1.78 0.38 -3.28 146.02
1.88 0.38 -3.28 110.60
1.99 0.38 -3.28 122.96
2.09 0.38 -3.28 105.17
0.50 0.44 -3.28 14.99
0.61 0.44 -3.28 9.78
0.71 0.44 -3.28 248.82
0.82 0.44 -3.28 117.76
0.93 0.44 -3.28 199.10
1.03 0.44 -3.28 147.01
1.14 0.44 -3.28 137.24
1.24 0.44 -3.28 231.08
1.35 0.44 -3.28 195.38
1.46 0.44 -3.28 194.56
1.56 0.44 -3.28 112.90
1.67 0.44 -3.28 198.51
1.78 0.44 -3.28 140.56
1.88 0.44 -3.28 126.47
1.99 0.44 -3.28 112.19
2.09 0.44 -3.28 101.96
0.50 0.51 -3.28 17.61
0.61 0.51 -3.28 10.56
0.71 0.51 -3.28 9.72
0.82 0.51 -3.28 27.45
0.93 0.51 -3.28 49.06
1.03 0.51 -3.28 288.57
1.14 0.51 -3.28 129.98
1.24 0.51 -3.28 83.21
1.35 0.51 -3.28 227.10
1.46 0.51 -3.28 177.36
1.56 0.51 -3.28 215.92
1.67 0.51 -3.28 113.24
1.78 0.51 -3.28 167.52
1.88 0.51 -3.28 168.84
1.99 0.51 -3.28 108.18
2.09 0.51 -3.28 123.75
0.50 0.58 -3.28 4.28
0.61 0.58 -3.28 5.36
0.71 0.58 -3.28 7.03
0.82 0.58 -3.28 11.28
0.93 0.58 -3.28 166.58
1.03 0.58 -3.28 48.51
1.14 0.58 -3.28 175.19
1.24 0.58 -3.28 76.76
1.35 0.58 -3.28 197.97
1.46 0.58 -3.28 110.20
1.56 0.58 -3.28 204.97
1.67 0.58 -3.28 138.36
1.78 0.58 -3.28 113.75
1.88 0.58 -3.28 123.97
1.99 0.58 -3.28 104.13
2.09 0.58 -3.28 122.09
0.50 0.65 -3.28 3.44
0.61 0.65 -3.28 5.25
0.71 0.65 -3.28 4.78
0.82 0.65 -3.28 36.94
0.93 0.65 -3.28 62.03
1.03 0.65 -3.28 41.81
1.14 0.65 -3.28 177.01
1.24 0.65 -3.28 110.55
1.35 0.65 -3.28 69.54
1.46 0.65 -3.28 143.20
1.56 0.65 -3.28 139.12
1.67 0.65 -3.28 208.72
1.78 0.65 -3.28 142.55
1.88 0.65 -3.28 144.77
1.99 0.65 -3.28 117.36
2.09 0.65 -3.28 30.09
0.50 0.72 -3.28 7.62
0.61 0.72 -3.28 24.39
0.71 0.72 -3.28 6.72
0.82 0.72 -3.28 9.70
0.93 0.72 -3.28 7.75
1.03 0.72 -3.28 18.07
1.14 0.72 -3.28 22.21
1.24 0.72 -3.28 20.34
1.35 0.72 -3.28 179.46
1.46 0.72 -3.28 9.33
1.56 0.72 -3.28 128.45
1.67 0.72 -3.28 139.13
1.78 0.72 -3.28 171.34
1.88 0.72 -3.28 162.54
1.99 0.72 -3.28 143.21
2.09 0.72 -3.28 140.47
0.50 0.79 -3.28 4.10
0.61 0.79 -3.28 12.80
0.71 0.79 -3.28 6.46
0.82 0.79 -3.28 10.21
0.93 0.79 -3.28 8.89
1.03 0.79 -3.28 13.04
1.14 0.79 -3.28 29.10
1.24 0.79 -3.28 8.30
1.35 0.79 -3.28 20.73
1.46 0.79 -3.28 29.19
1.56 0.79 -3.28 35.20
1.67 0.79 -3.28 192.18
1.78 0.79 -3.28 119.31
1.88 0.79 -3.28 127.97
1.99 0.79 -3.28 136.99
2.09 0.79 -3.28 113.03
0.50 0.86 -3.28 5.21
0.61 0.86 -3.28 3.21
0.71 0.86 -3.28 2.38
0.82 0.86 -3.28 4.05
0.93 0.86 -3.28 9.33
1.03 0.86 -3.28 58.40
1.14 0.86 -3.28 136.49
1.24 0.86 -3.28 27.97
1.35 0.86 -3.28 10.07
1.46 0.86 -3.28 98.75
1.56 0.86 -3.28 13.18
1.67 0.86 -3.28 8.91
1.78 0.86 -3.28 40.68
1.88 0.86 -3.28 220.07
1.99 0.86 -3.28 83.06
2.09 0.86 -3.28 105.57
0.50 0.93 -3.28 3.55
0.61 0.93 -3.28 3.05
0.71 0.93 -3.28 6.34
0.82 0.93 -3.28 10.87
0.93 0.93 -3.28 18.01
1.03 0.93 -3.28 3.99
1.14 0.93 -3.28 4.22
1.24 0.93 -3.28 8.04
1.35 0.93 -3.28 34.54
1.46 0.93 -3.28 136.93
1.56 0.93 -3.28 64.76
1.67 0.93 -3.28 173.77
1.78 0.93 -3.28 173.33
1.88 0.93 -3.28 140.84
1.99 0.93 -3.28 120.07
2.09 0.93 -3.28 131.47
0.50 0.99 -3.28 69.28
0.61 0.99 -3.28 4.40
0.71 0.99 -3.28 3.07
0.82 0.99 -3.28 4.06
0.93 0.99 -3.28 4.25
1.03 0.99 -3.28 5.27
1.14 0.99 -3.28 5.54
1.24 0.99 -3.28 4.05
1.35 0.99 -3.28 110.78
1.46 0.99 -3.28 9.86
1.56 0.99 -3.28 65.31
1.67 0.99 -3.28 99.72
1.78 0.99 -3.28 7.91
1.88 0.99 -3.28 14.66
1.99 0.99 -3.28 216.52
2.09 0.99 -3.28 24.32
0.50 1.06 -3.28 2.96
0.61 1.06 -3.28 5.00
0.71 1.06 -3.28 2.45
0.82 1.06 -3.28 4.92
0.93 1.06 -3.28 6.55
1.03 1.06 -3.28 13.98
1.14 1.06 -3.28 5.62
1.24 1.06 -3.28 13.19
1.35 1.06 -3.28 4.95
1.46 1.06 -3.28 10.74
1.56 1.06 -3.28 12.79
1.67 1.06 -3.28 27.40
1.78 1.06 -3.28 29.08
1.88 1.06 -3.28 25.92
1.99 1.06 -3.28 67.17
2.09 1.06 -3.28 11.96
0.50 1.13 -3.28 3.31
0.61 1.13 -3.28 8.41
0.71 1.13 -3.28 15.05
0.82 1.13 -3.28 5.07
0.93 1.13 -3.28 4.56
1.03 1.13 -3.28 6.54
1.14 1.13 -3.28 8.83
1.24 1.13 -3.28 8.14
1.35 1.13 -3.28 12.78
1.46 1.13 -3.28 31.83
1.56 1.13 -3.28 5.53
1.67 1.13 -3.28 47.28
1.78 1.13 -3.28 5.72
1.88 1.13 -3.28 8.02
1.99 1.13 -3.28 11.23
2.09 1.13 -3.28 13.04
0.50 0.10 -3.10 20.94
0.61 0.10 -3.10 49.90
0.71 0.10 -3.10 134.02
0.82 0.10 -3.10 230.85
0.93 0.10 -3.10 703.29
1.03 0.10 -3.10 533.59
1.14 0.10 -3.10 363.44
1.24 0.10 -3.10 264.08
1.35 0.10 -3.10 234.84
1.46 0.10 -3.10 192.83
1.56 0.10 -3.10 144.74
1.67 0.10 -3.10 131.34
1.78 0.10 -3.10 110.93
1.88 0.10 -3.10 108.56
1.99 0.10 -3.10 99.52
2.09 0.10 -3.10 97.70
0.50 0.17 -3.10 20.80
0.61 0.17 -3.10 43.64
0.71 0.17 -3.10 47.75
0.82 0.17 -3.10 334.36
0.93 0.17 -3.10 584.65
1.03 0.17 -3.10 432.16
1.14 0.17 -3.10 416.24
1.24 0.17 -3.10 268.66
1.35 0.17 -3.10 189.30
1.46 0.17 -3.10 176.70
1.56 0.17 -3.10 149.46
1.67 0.17 -3.10 135.80
1.78 0.17 -3.10 117.91
1.88 0.17 -3.10 107.56
1.99 0.17 -3.10 101.01
2.09 0.17 -3.10 94.33
0.50 0.24 -3.10 20.92
0.61 0.24 -3.10 39.83
0.71 0.24 -3.10 165.58
0.82 0.24 -3.10 115.49
0.93 0.24 -3.10 165.12
1.03 0.24 -3.10 510.78
1.14 0.24 -3.10 237.78
1.24 0.24 -3.10 345.74
1.35 0.24 -3.10 293.74
1.46 0.24 -3.10 162.06
1.56 0.24 -3.10 154.49
1.67 0.24 -3.10 133.47
1.78 0.24 -3.10 106.82
1.88 0.24 -3.10 120.12
1.99 0.24 -3.10 106.56
2.09 0.24 -3.10 100.78
0.50 0.31 -3.10 6.42
0.61 0.31 -3.10 8.10
0.71 0.31 -3.10 153.96
0.82 0.31 -3.10 58.33
0.93 0.31 -3.10 59.01
1.03 0.31 -3.10 238.28
1.14 0.31 -3.10 297.03
1.24 0.31 -3.10 169.31
1.35 0.31 -3.10 306.56
1.46 0.31 -3.10 227.06
1.56 0.31 -3.10 155.94
1.67 0.31 -3.10 126.21
1.78 0.31 -3.10 154.44
1.88 0.31 -3.10 123.75
1.99 0.31 -3.10 111.38
2.09 0.31 -3.10 95.89
0.50 0.38 -3.10 8.58
0.61 0.38 -3.10 21.29
0.71 0.38 -3.10 41.94
0.82 0.38 -3.10 11.36
0.93 0.38 -3.10 153.10
1.03 0.38 -3.10 204.72
1.14 0.38 -3.10 218.91
1.24 0.38 -3.10 267.22
1.35 0.38 -3.10 186.03
1.46 0.38 -3.10 212.53
1.56 0.38 -3.10 244.74
1.67 0.38 -3.10 197.64
1.78 0.38 -3.10 138.28
1.88 0.38 -3.10 120.94
1.99 0.38 -3.10 134.92
2.09 0.38 -3.10 96.68
0.50 0.44 -3.10 3.30
0.61 0.44 -3.10 6.68
0.71 0.44 -3.10 8.76
0.82 0.44 -3.10 50.61
0.93 0.44 -3.10 47.86
1.03 0.44 -3.10 268.47
1.14 0.44 -3.10 169.87
1.24 0.44 -3.10 113.25
1.35 0.44 -3.10 362.39
1.46 0.44 -3.10 167.45
1.56 0.44 -3.10 192.32
1.67 0.44 -3.10 114.83
1.78 0.44 -3.10 121.20
1.88 0.44 -3.10 122.23
1.99 0.44 -3.10 104.26
2.09 0.44 -3.10 114.47
0.50 0.51 -3.10 2.97
0.61 0.51 -3.10 2.88
0.71 0.51 -3.10 10.97
0.82 0.51 -3.10 69.16
0.93 0.51 -3.10 42.54
1.03 0.51 -3.10 52.57
1.14 0.51 -3.10 71.98
1.24 0.51 -3.10 49.96
1.35 0.51 -3.10 192.27
1.46 0.51 -3.10 195.16
1.56 0.51 -3.10 186.76
1.67 0.51 -3.10 174.37
1.78 0.51 -3.10 190.96
1.88 0.51 -3.10 133.72
1.99 0.51 -3.10 101.33
2.09 0.51 -3.10 146.37
0.50 0.58 -3.10 6.61
0.61 0.58 -3.10 5.86
0.71 0.58 -3.10 26.29
0.82 0.58 -3.10 15.00
0.93 0.58 -3.10 15.10
1.03 0.58 -3.10 11.30
1.14 0.58 -3.10 32.45
1.24 0.58 -3.10 54.80
1.35 0.58 -3.10 270.26
1.46 0.58 -3.10 39.62
1.56 0.58 -3.10 91.95
1.67 0.58 -3.10 143.97
1.78 0.58 -3.10 166.75
1.88 0.58 -3.10 103.55
1.99 0.58 -3.10 120.61
2.09 0.58 -3.10 136.32
0.50 0.65 -3.10 2.81
0.61 0.65 -3.10 3.16
0.71 0.65 -3.10 3.49
0.82 0.65 -3.10 3.96
0.93 0.65 -3.10 15.67
1.03 0.65 -3.10 7.93
1.14 0.65 -3.10 6.86
1.24 0.65 -3.10 9.16
1.35 0.65 -3.10 13.41
1.46 0.65 -3.10 20.29
1.56 0.65 -3.10 128.71
1.67 0.65 -3.10 98.42
1.78 0.65 -3.10 213.99
1.88 0.65 -3.10 216.52
1.99 0.65 -3.10 151.61
2.09 0.65 -3.10 119.31
0.50 0.72 -3.10 2.95
0.61 0.72 -3.10 3.67
0.71 0.72 -3.10 3.76
0.82 0.72 -3.10 4.05
0.93 0.72 -3.10 9.63
1.03 0.72 -3.10 11.53
1.14 0.72 -3.10 8.21
1.24 0.72 -3.10 112.40
1.35 0.72 -3.10 80.57
1.46 0.72 -3.10 15.35
1.56 0.72 -3.10 89.90
1.67 0.72 -3.10 166.86
1.78 0.72 -3.10 33.90
1.88 0.72 -3.10 129.37
1.99 0.72 -3.10 114.40
2.09 0.72 -3.10 34.53
0.50 0.79 -3.10 4.48
0.61 0.79 -3.10 4.40
0.71 0.79 -3.10 4.66
0.82 0.79 -3.10 6.42
0.93 0.79 -3.10 4.48
1.03 0.79 -3.10 39.72
1.14 0.79 -3.10 9.54
1.24 0.79 -3.10 7.84
1.35 0.79 -3.10 36.53
1.46 0.79 -3.10 8.88
1.56 0.79 -3.10 41.86
1.67 0.79 -3.10 26.83
1.78 0.79 -3.10 93.00
1.88 0.79 -3.10 134.09
1.99 0.79 -3.10 91.66
2.09 0.79 -3.10 169.03
0.50 0.86 -3.10 2.00
0.61 0.86 -3.10 2.70
0.71 0.86 -3.10 15.47
0.82 0.86 -3.10 2.82
0.93 0.86 -3.10 5.81
1.03 0.86 -3.10 14.31
1.14 0.86 -3.10 8.08
1.24 0.86 -3.10 21.54
1.35 0.86 -3.10 60.05
1.46 0.86 -3.10 18.35
1.56 0.86 -3.10 22.22
1.67 0.86 -3.10 32.81
1.78 0.86 -3.10 134.19
1.88 0.86 -3.10 73.33
1.99 0.86 -3.10 25.30
2.09 0.86 -3.10 134.63
0.50 0.93 -3.10 2.19
0.61 0.93 -3.10 10.02
0.71 0.93 -3.10 2.70
0.82 0.93 -3.10 2.02
0.93 0.93 -3.10 3.51
1.03 0.93 -3.10 3.11
1.14 0.93 -3.10 49.07
1.24 0.93 -3.10 10.52
1.35 0.93 -3.10 4.00
1.46 0.93 -3.10 14.60
1.56 0.93 -3.10 8.66
1.67 0.93 -3.10 257.49
1.78 0.93 -3.10 11.58
1.88 0.93 -3.10 8.09
1.99 0.93 -3.10 8.14
2.09 0.93 -3.10 220.58
0.50 0.99 -3.10 5.26
0.61 0.99 -3.10 3.53
0.71 0.99 -3.10 3.02
0.82 0.99 -3.10 3.38
0.93 0.99 -3.10 4.25
1.03 0.99 -3.10 4.28
1.14 0.99 -3.10 5.65
1.24 0.99 -3.10 9.03
1.35 0.99 -3.10 21.56
1.46 0.99 -3.10 11.71
1.56 0.99 -3.10 6.64
1.67 0.99 -3.10 5.37
1.78 0.99 -3.10 8.41
1.88 0.99 -3.10 84.94
1.99 0.99 -3.10 8.73
2.09 0.99 -3.10 18.50
0.50 1.06 -3.10 2.90
0.61 1.06 -3.10 3.42
0.71 1.06 -3.10 1.62
0.82 1.06 -3.10 14.68
0.93 1.06 -3.10 3.19
1.03 1.06 -3.10 3.53
1.14 1.06 -3.10 115.02
1.24 1.06 -3.10 3.64
1.35 1.06 -3.10 8.15
1.46 1.06 -3.10 8.46
1.56 1.06 -3.10 7.99
1.67 1.06 -3.10 189.82
1.78 1.06 -3.10 168.78
1.88 1.06 -3.10 61.70
1.99 1.06 -3.10 24.18
2.09 1.06 -3.10 26.04
0.50 1.13 -3.10 4.30
0.61 1.13 -3.10 3.40
0.71 1.13 -3.10 2.62
0.82 1.13 -3.10 15.24
0.93 1.13 -3.10 4.71
1.03 1.13 -3.10 2.93
1.14 1.13 -3.10 2.32
1.24 1.13 -3.10 4.46
1.35 1.13 -3.10 11.94
1.46 1.13 -3.10 21.17
1.56 1.13 -3.10 9.26
1.67 1.13 -3.10 5.27
1.78 1.13 -3.10 7.01
1.88 1.13 -3.10 6.42
1.99 1.13 -3.10 90.55
2.09 1.13 -3.10 10.10
0.50 0.10 -2.92 28.73
0.61 0.10 -2.92 67.24
0.71 0.10 -2.92 131.26
0.82 0.10 -2.92 320.00
0.93 0.10 -2.92 525.04
1.03 0.10 -2.92 544.64
1.14 0.10 -2.92 399.26
1.24 0.10 -2.92 290.31
1.35 0.10 -2.92 203.12
1.46 0.10 -2.92 181.06
1.56 0.10 -2.92 158.85
1.67 0.10 -2.92 127.22
1.78 0.10 -2.92 115.97
1.88 0.10 -2.92 110.93
1.99 0.10 -2.92 101.53
2.09 0.10 -2.92 95.41
0.50 0.17 -2.92 19.87
0.61 0.17 -2.92 69.77
0.71 0.17 -2.92 77.50
0.82 0.17 -2.92 91.36
0.93 0.17 -2.92 397.67
1.03 0.17 -2.92 616.88
1.14 0.17 -2.92 410.31
1.24 0.17 -2.92 298.11
1.35 0.17 -2.92 269.27
1.46 0.17 -2.92 189.31
1.56 0.17 -2.92 142.09
1.67 0.17 -2.92 136.76
1.78 0.17 -2.92 114.28
1.88 0.17 -2.92 108.21
1.99 0.17 -2.92 106.66
2.09 0.17 -2.92 99.06
0.50 0.24 -2.92 13.96
0.61 0.24 -2.92 26.14
0.71 0.24 -2.92 43.50
0.82 0.24 -2.92 213.52
0.93 0.24 -2.92 479.87
1.03 0.24 -2.92 227.08
1.14 0.24 -2.92 307.59
1.24 0.24 -2.92 264.07
1.35 0.24 -2.92 282.42
1.46 0.24 -2.92 187.22
1.56 0.24 -2.92 190.95
1.67 0.24 -2.92 127.49
1.78 0.24 -2.92 118.37
1.88 0.24 -2.92 114.98
1.99 0.24 -2.92 106.42
2.09 0.24 -2.92 105.16
0.50 0.31 -2.92 10.83
0.61 0.31 -2.92 37.78
0.71 0.31 -2.92 18.44
0.82 0.31 -2.92 49.51
0.93 0.31 -2.92 110.52
1.03 0.31 -2.92 204.54
1.14 0.31 -2.92 234.67
1.24 0.31 -2.92 237.89
1.35 0.31 -2.92 164.79
1.46 0.31 -2.92 190.83
1.56 0.31 -2.92 166.34
1.67 0.31 -2.92 150.18
1.78 0.31 -2.92 131.01
1.88 0.31 -2.92 126.39
1.99 0.31 -2.92 103.47
2.09 0.31 -2.92 108.43
0.50 0.38 -2.92 19.01
0.61 0.38 -2.92 29.63
0.71 0.38 -2.92 8.72
0.82 0.38 -2.92 93.56
0.93 0.38 -2.92 61.17
1.03 0.38 -2.92 289.45
1.14 0.38 -2.92 331.09
1.24 0.38 -2.92 97.85
1.35 0.38 -2.92 301.48
1.46 0.38 -2.92 199.38
1.56 0.38 -2.92 221.30
1.67 0.38 -2.92 144.73
1.78 0.38 -2.92 198.85
1.88 0.38 -2.92 156.70
1.99 0.38 -2.92 125.97
2.09 0.38 -2.92 99.99
0.50 0.44 -2.92 5.06
0.61 0.44 -2.92 14.79
0.71 0.44 -2.92 34.11
0.82 0.44 -2.92 20.85
0.93 0.44 -2.92 23.19
1.03 0.44 -2.92 34.10
1.14 0.44 -2.92 139.61
1.24 0.44 -2.92 42.24
1.35 0.44 -2.92 146.58
1.46 0.44 -2.92 107.32
1.56 0.44 -2.92 184.47
1.67 0.44 -2.92 190.03
1.78 0.44 -2.92 141.17
1.88 0.44 -2.92 155.83
1.99 0.44 -2.92 141.67
2.09 0.44 -2.92 114.59
0.50 0.51 -2.92 4.82
0.61 0.51 -2.92 5.77
0.71 0.51 -2.92 3.51
0.82 0.51 -2.92 5.77
0.93 0.51 -2.92 4.23
1.03 0.51 -2.92 40.59
1.14 0.51 -2.92 14.26
1.24 0.51 -2.92 90.75
1.35 0.51 -2.92 147.24
1.46 0.51 -2.92 19.88
1.56 0.51 -2.92 164.14
1.67 0.51 -2.92 99.28
1.78 0.51 -2.92 159.18
1.88 0.51 -2.92 137.33
1.99 0.51 -2.92 137.40
2.09 0.51 -2.92 136.50
0.50 0.58 -2.92 2.53
0.61 0.58 -2.92 4.73
0.71 0.58 -2.92 7.48
0.82 0.58 -2.92 16.63
0.93 0.58 -2.92 37.02
1.03 0.58 -2.92 108.53
1.14 0.58 -2.92 84.73
1.24 0.58 -2.92 146.30
1.35 0.58 -2.92 33.65
1.46 0.58 -2.92 273.77
1.56 0.58 -2.92 218.40
1.67 0.58 -2.92 325.87
1.78 0.58 -2.92 170.81
1.88 0.58 -2.92 138.55
1.99 0.58 -2.92 109.99
2.09 0.58 -2.92 127.99
0.50 0.65 -2.92 1.57
0.61 0.65 -2.92 5.19
0.71 0.65 -2.92 3.66
0.82 0.65 -2.92 18.54
0.93 0.65 -2.92 11.90
1.03 0.65 -2.92 3.72
1.14 0.65 -2.92 11.42
1.24 0.65 -2.92 180.58
1.35 0.65 -2.92 16.39
1.46 0.65 -2.92 208.44
1.56 0.65 -2.92 40.09
1.67 0.65 -2.92 104.93
1.78 0.65 -2.92 54.03
1.88 0.65 -2.92 90.09
1.99 0.65 -2.92 176.50
2.09 0.65 -2.92 137.67
0.50 0.72 -2.92 2.78
0.61 0.72 -2.92 2.89
0.71 0.72 -2.92 2.91
0.82 0.72 -2.92 23.50
0.93 0.72 -2.92 21.61
1.03 0.72 -2.92 12.70
1.14 0.72 -2.92 10.46
1.24 0.72 -2.92 4.11
1.35 0.72 -2.92 207.69
1.46 0.72 -2.92 15.24
1.56 0.72 -2.92 244.57
1.67 0.72 -2.92 110.46
1.78 0.72 -2.92 105.78
1.88 0.72 -2.92 127.34
1.99 0.72 -2.92 109.36
2.09 0.72 -2.92 139.65
0.50 0.79 -2.92 1.87
0.61 0.79 -2.92 2.47
0.71 0.79 -2.92 2.71
0.82 0.79 -2.92 7.74
0.93 0.79 -2.92 6.39
1.03 0.79 -2.92 3.07
1.14 0.79 -2.92 2.99
1.24 0.79 -2.92 13.78
1.35 0.79 -2.92 5.58
1.46 0.79 -2.92 71.61
1.56 0.79 -2.92 103.45
1.67 0.79 -2.92 65.14
1.78 0.79 -2.92 147.75
1.88 0.79 -2.92 139.48
1.99 0.79 -2.92 167.63
2.09 0.79 -2.92 12.19
0.50 0.86 -2.92 4.69
0.61 0.86 -2.92 2.78
0.71 0.86 -2.92 2.73
0.82 0.86 -2.92 1.22
0.93 0.86 -2.92 1.99
1.03 0.86 -2.92 2.59
1.14 0.86 -2.92 6.48
1.24 0.86 -2.92 3.93
1.35 0.86 -2.92 5.93
1.46 0.86 -2.92 20.73
1.56 0.86 -2.92 12.31
1.67 0.86 -2.92 56.49
1.78 0.86 -2.92 10.07
1.88 0.86 -2.92 111.58
1.99 0.86 -2.92 8.59
2.09 0.86 -2.92 128.27
0.50 0.93 -2.92 2.69
0.61 0.93 -2.92 1.30
0.71 0.93 -2.92 2.57
0.82 0.93 -2.92 7.27
0.93 0.93 -2.92 1.18
1.03 0.93 -2.92 1.37
1.14 0.93 -2.92 20.58
1.24 0.93 -2.92 6.89
1.35 0.93 -2.92 5.26
1.46 0.93 -2.92 18.30
1.56 0.93 -2.92 5.35
1.67 0.93 -2.92 8.14
1.78 0.93 -2.92 8.46
1.88 0.93 -2.92 49.41
1.99 0.93 -2.92 24.69
2.09 0.93 -2.92 200.66
0.50 0.99 -2.92 3.07
0.61 0.99 -2.92 2.60
0.71 0.99 -2.92 1.23
0.82 0.99 -2.92 1.16
0.93 0.99 -2.92 1.10
1.03 0.99 -2.92 2.73
1.14 0.99 -2.92 3.43
1.24 0.99 -2.92 5.11
1.35 0.99 -2.92 9.80
1.46 0.99 -2.92 7.05
1.56 0.99 -2.92 85.92
1.67 0.99 -2.92 19.35
1.78 0.99 -2.92 7.72
1.88 0.99 -2.92 14.20
1.99 0.99 -2.92 16.33
2.09 0.99 -2.92 98.75
0.50 1.06 -2.92 2.84
0.61 1.06 -2.92 1.10
0.71 1.06 -2.92 1.20
0.82 1.06 -2.92 1.78
0.93 1.06 -2.92 2.08
1.03 1.06 -2.92 1.50
1.14 1.06 -2.92 5.89
1.24 1.06 -2.92 2.70
1.35 1.06 -2.92 9.51
1.46 1.06 -2.92 1.71
1.56 1.06 -2.92 14.69
1.67 1.06 -2.92 6.94
1.78 1.06 -2.92 8.44
1.88 1.06 -2.92 17.80
1.99 1.06 -2.92 7.29
2.09 1.06 -2.92 15.36
0.50 1.13 -2.92 0.86
0.61 1.13 -2.92 1.18
0.71 1.13 -2.92 1.75
0.82 1.13 -2.92 2.41
0.93 1.13 -2.92 1.56
1.03 1.13 -2.92 3.36
1.14 1.13 -2.92 3.12
1.24 1.13 -2.92 2.89
1.35 1.13 -2.92 2.41
1.46 1.13 -2.92 18.15
1.56 1.13 -2.92 3.28
1.67 1.13 -2.92 26.81
1.78 1.13 -2.92 9.47
1.88 1.13 -2.92 12.06
1.99 1.13 -2.92 9.33
2.09 1.13 -2.92 5.41
0.50 0.10 -2.75 17.65
0.61 0.10 -2.75 61.97
0.71 0.10 -2.75 147.84
0.82 0.10 -2.75 236.44
0.93 0.10 -2.75 427.54
1.03 0.10 -2.75 576.71
1.14 0.10 -2.75 440.56
1.24 0.10 -2.75 268.78
1.35 0.10 -2.75 211.86
1.46 0.10 -2.75 177.55
1.56 0.10 -2.75 152.35
1.67 0.10 -2.75 125.61
1.78 0.10 -2.75 120.19
1.88 0.10 -2.75 106.13
1.99 0.10 -2.75 100.82
2.09 0.10 -2.75 97.86
0.50 0.17 -2.75 16.77
0.61 0.17 -2.75 29.68
0.71 0.17 -2.75 37.46
0.82 0.17 -2.75 91.08
0.93 0.17 -2.75 384.34
1.03 0.17 -2.75 288.81
1.14 0.17 -2.75 484.77
1.24 0.17 -2.75 365.93
1.35 0.17 -2.75 244.36
1.46 0.17 -2.75 234.64
1.56 0.17 -2.75 169.88
1.67 0.17 -2.75 127.74
1.78 0.17 -2.75 114.76
1.88 0.17 -2.75 111.21
1.99 0.17 -2.75 106.83
2.09 0.17 -2.75 104.99
0.50 0.24 -2.75 8.96
0.61 0.24 -2.75 23.53
0.71 0.24 -2.75 37.21
0.82 0.24 -2.75 62.91
0.93 0.24 -2.75 142.33
1.03 0.24 -2.75 165.87
1.14 0.24 -2.75 324.77
1.24 0.24 -2.75 314.53
1.35 0.24 -2.75 236.27
1.46 0.24 -2.75 186.67
1.56 0.24 -2.75 190.42
1.67 0.24 -2.75 147.53
1.78 0.24 -2.75 126.77
1.88 0.24 -2.75 133.54
1.99 0.24 -2.75 120.89
2.09 0.24 -2.75 99.70
0.50 0.31 -2.75 5.40
0.61 0.31 -2.75 5.75
0.71 0.31 -2.75 26.44
0.82 0.31 -2.75 28.80
0.93 0.31 -2.75 126.04
1.03 0.31 -2.75 116.96
1.14 0.31 -2.75 99.54
1.24 0.31 -2.75 202.97
1.35 0.31 -2.75 273.36
1.46 0.31 -2.75 197.48
1.56 0.31 -2.75 133.84
1.67 0.31 -2.75 169.56
1.78 0.31 -2.75 130.22
1.88 0.31 -2.75 125.09
1.99 0.31 -2.75 139.30
2.09 0.31 -2.75 104.34
0.50 0.38 -2.75 3.74
0.61 0.38 -2.75 3.36
0.71 0.38 -2.75 8.68
0.82 0.38 -2.75 38.71
0.93 0.38 -2.75 27.15
1.03 0.38 -2.75 70.05
1.14 0.38 -2.75 178.57
1.24 0.38 -2.75 136.61
1.35 0.38 -2.75 247.55
1.46 0.38 -2.75 195.65
1.56 0.38 -2.75 212.25
1.67 0.38 -2.75 205.36
1.78 0.38 -2.75 177.40
1.88 0.38 -2.75 132.95
1.99 0.38 -2.75 135.68
2.09 0.38 -2.75 123.24
0.50 0.44 -2.75 2.63
0.61 0.44 -2.75 8.16
0.71 0.44 -2.75 5.45
0.82 0.44 -2.75 8.47
0.93 0.44 -2.75 5.27
1.03 0.44 -2.75 152.21
1.14 0.44 -2.75 72.67
1.24 0.44 -2.75 52.57
1.35 0.44 -2.75 73.39
1.46 0.44 -2.75 308.20
1.56 0.44 -2.75 314.19
1.67 0.44 -2.75 95.42
1.78 0.44 -2.75 154.02
1.88 0.44 -2.75 160.52
1.99 0.44 -2.75 150.79
2.09 0.44 -2.75 136.04
0.50 0.51 -2.75 2.66
0.61 0.51 -2.75 1.39
0.71 0.51 -2.75 3.08
0.82 0.51 -2.75 3.65
0.93 0.51 -2.75 4.01
1.03 0.51 -2.75 3.46
1.14 0.51 -2.75 59.53
1.24 0.51 -2.75 16.32
1.35 0.51 -2.75 14.17
1.46 0.51 -2.75 43.35
1.56 0.51 -2.75 71.63
1.67 0.51 -2.75 225.44
1.78 0.51 -2.75 182.77
1.88 0.51 -2.75 257.68
1.99 0.51 -2.75 178.83
2.09 0.51 -2.75 136.26
0.50 0.58 -2.75 2.00
0.61 0.58 -2.75 3.27
0.71 0.58 -2.75 2.11
0.82 0.58 -2.75 3.08
0.93 0.58 -2.75 10.36
1.03 0.58 -2.75 4.93
1.14 0.58 -2.75 48.00
1.24 0.58 -2.75 91.67
1.35 0.58 -2.75 259.81
1.46 0.58 -2.75 17.37
1.56 0.58 -2.75 197.37
1.67 0.58 -2.75 400.16
1.78 0.58 -2.75 433.12
1.88 0.58 -2.75 196.55
1.99 0.58 -2.75 136.06
2.09 0.58 -2.75 114.10
0.50 0.65 -2.75 1.11
0.61 0.65 -2.75 2.01
0.71 0.65 -2.75 2.03
0.82 0.65 -2.75 0.98
0.93 0.65 -2.75 2.76
1.03 0.65 -2.75 2.04
1.14 0.65 -2.75 3.74
1.24 0.65 -2.75 5.42
1.35 0.65 -2.75 9.70
1.46 0.65 -2.75 16.97
1.56 0.65 -2.75 31.23
1.67 0.65 -2.75 182.82
1.78 0.65 -2.75 24.81
1.88 0.65 -2.75 269.53
1.99 0.65 -2.75 154.75
2.09 0.65 -2.75 136.23
0.50 0.72 -2.75 1.17
0.61 0.72 -2.75 2.41
0.71 0.72 -2.75 1.51
0.82 0.72 -2.75 2.59
0.93 0.72 -2.75 6.69
1.03 0.72 -2.75 3.63
1.14 0.72 -2.75 2.19
1.24 0.72 -2.75 35.89
1.35 0.72 -2.75 8.10
1.46 0.72 -2.75 7.00
1.56 0.72 -2.75 4.04
1.67 0.72 -2.75 20.99
1.78 0.72 -2.75 29.79
1.88 0.72 -2.75 24.62
1.99 0.72 -2.75 109.18
2.09 0.72 -2.75 141.73
0.50 0.79 -2.75 1.37
0.61 0.79 -2.75 0.63
0.71 0.79 -2.75 1.47
0.82 0.79 -2.75 6.29
0.93 0.79 -2.75 3.75
1.03 0.79 -2.75 8.67
1.14 0.79 -2.75 2.87
1.24 0.79 -2.75 2.67
1.35 0.79 -2.75 2.97
1.46 0.79 -2.75 6.43
1.56 0.79 -2.75 11.13
1.67 0.79 -2.75 32.61
1.78 0.79 -2.75 11.43
1.88 0.79 -2.75 227.33
1.99 0.79 -2.75 40.49
2.09 0.79 -2.75 55.01
0.50 0.86 -2.75 1.14
0.61 0.86 -2.75 0.79
0.71 0.86 -2.75 3.32
0.82 0.86 -2.75 2.00
0.93 0.86 -2.75 1.93
1.03 0.86 -2.75 1.51
1.14 0.86 -2.75 1.09
1.24 0.86 -2.75 41.61
1.35 0.86 -2.75 6.67
1.46 0.86 -2.75 2.63
1.56 0.86 -2.75 3.52
1.67 0.86 -2.75 3.25
1.78 0.86 -2.75 196.85
1.88 0.86 -2.75 10.14
1.99 0.86 -2.75 31.46
2.09 0.86 -2.75 254.42
0.50 0.93 -2.75 0.64
0.61 0.93 -2.75 1.16
0.71 0.93 -2.75 0.55
0.82 0.93 -2.75 2.33
0.93 0.93 -2.75 0.89
1.03 0.93 -2.75 1.23
1.14 0.93 -2.75 1.53
1.24 0.93 -2.75 4.78
1.35 0.93 -2.75 7.86
1.46 0.93 -2.75 11.06
1.56 0.93 -2.75 2.70
1.67 0.93 -2.75 4.91
1.78 0.93 -2.75 13.43
1.88 0.93 -2.75 7.43
1.99 0.93 -2.75 43.99
2.09 0.93 -2.75 10.70
0.50 0.99 -2.75 0.62
0.61 0.99 -2.75 1.37
0.71 0.99 -2.75 0.80
0.82 0.99 -2.75 1.04
0.93 0.99 -2.75 3.64
1.03 0.99 -2.75 4.94
1.14 0.99 -2.75 0.53
1.24 0.99 -2.75 4.60
1.35 0.99 -2.75 1.70
1.46 0.99 -2.75 10.90
1.56 0.99 -2.75 2.97
1.67 0.99 -2.75 6.73
1.78 0.99 -2.75 1.97
1.88 0.99 -2.75 20.55
1.99 0.99 -2.75 99.86
2.09 0.99 -2.75 4.97
0.50 1.06 -2.75 0.51
0.61 1.06 -2.75 0.85
0.71 1.06 -2.75 0.49
0.82 1.06 -2.75 0.80
0.93 1.06 -2.75 1.23
1.03 1.06 -2.75 0.96
1.14 1.06 -2.75 12.56
1.24 1.06 -2.75 1.48
1.35 1.06 -2.75 4.61
1.46 1.06 -2.75 1.14
1.56 1.06 -2.75 1.91
1.67 1.06 -2.75 4.46
1.78 1.06 -2.75 5.86
1.88 1.06 -2.75 12.78
1.99 1.06 -2.75 3.41
2.09 1.06 -2.75 4.67
0.50 1.13 -2.75 0.51
0.61 1.13 -2.75 1.21
0.71 1.13 -2.75 0.76
0.82 1.13 -2.75 1.34
0.93 1.13 -2.75 0.39
1.03 1.13 -2.75 0.53
1.14 1.13 -2.75 1.97
1.24 1.13 -2.75 0.97
1.35 1.13 -2.75 3.93
1.46 1.13 -2.75 2.89
1.56 1.13 -2.75 7.49
1.67 1.13 -2.75 5.05
1.78 1.13 -2.75 30.42
1.88 1.13 -2.75 9.39
1.99 1.13 -2.75 26.13
2.09 1.13 -2.75 1.99
0.50 0.10 -2.57 31.02
0.61 0.10 -2.57 40.34
0.71 0.10 -2.57 89.71
0.82 0.10 -2.57 225.18
0.93 0.10 -2.57 486.47
1.03 0.10 -2.57 658.73
1.14 0.10 -2.57 488.44
1.24 0.10 -2.57 378.74
1.35 0.10 -2.57 236.47
1.46 0.10 -2.57 184.92
1.56 0.10 -2.57 162.36
1.67 0.10 -2.57 138.47
1.78 0.10 -2.57 116.78
1.88 0.10 -2.57 107.20
1.99 0.10 -2.57 100.30
2.09 0.10 -2.57 97.14
0.50 0.17 -2.57 13.22
0.61 0.17 -2.57 32.28
0.71 0.17 -2.57 55.95
0.82 0.17 -2.57 132.65
0.93 0.17 -2.57 218.38
1.03 0.17 -2.57 532.13
1.14 0.17 -2.57 346.37
1.24 0.17 -2.57 399.96
1.35 0.17 -2.57 241.30
1.46 0.17 -2.57 203.04
1.56 0.17 -2.57 207.18
1.67 0.17 -2.57 153.30
1.78 0.17 -2.57 122.44
1.88 0.17 -2.57 110.16
1.99 0.17 -2.57 107.31
2.09 0.17 -2.57 99.15
0.50 0.24 -2.57 7.14
0.61 0.24 -2.57 8.17
0.71 0.24 -2.57 18.50
0.82 0.24 -2.57 12.43
0.93 0.24 -2.57 178.93
1.03 0.24 -2.57 87.46
1.14 0.24 -2.57 342.30
1.24 0.24 -2.57 390.33
1.35 0.24 -2.57 377.18
1.46 0.24 -2.57 303.30
1.56 0.24 -2.57 239.30
1.67 0.24 -2.57 140.85
1.78 0.24 -2.57 134.06
1.88 0.24 -2.57 129.00
1.99 0.24 -2.57 116.28
2.09 0.24 -2.57 114.67
0.50 0.31 -2.57 3.60
0.61 0.31 -2.57 3.29
0.71 0.31 -2.57 4.78
0.82 0.31 -2.57 16.36
0.93 0.31 -2.57 35.08
1.03 0.31 -2.57 55.97
1.14 0.31 -2.57 136.34
1.24 0.31 -2.57 154.85
1.35 0.31 -2.57 338.27
1.46 0.31 -2.57 427.86
1.56 0.31 -2.57 227.94
1.67 0.31 -2.57 154.67
1.78 0.31 -2.57 202.54
1.88 0.31 -2.57 190.89
1.99 0.31 -2.57 128.94
2.09 0.31 -2.57 118.06
0.50 0.38 -2.57 2.50
0.61 0.38 -2.57 1.73
0.71 0.38 -2.57 14.46
0.82 0.38 -2.57 8.14
0.93 0.38 -2.57 23.02
1.03 0.38 -2.57 92.84
1.14 0.38 -2.57 45.24
1.24 0.38 -2.57 24.72
1.35 0.38 -2.57 98.92
1.46 0.38 -2.57 254.80
1.56 0.38 -2.57 128.87
1.67 0.38 -2.57 203.33
1.78 0.38 -2.57 239.76
1.88 0.38 -2.57 180.74
1.99 0.38 -2.57 154.96
2.09 0.38 -2.57 136.33
0.50 0.44 -2.57 0.97
0.61 0.44 -2.57 2.54
0.71 0.44 -2.57 3.97
0.82 0.44 -2.57 5.49
0.93 0.44 -2.57 4.10
1.03 0.44 -2.57 4.39
1.14 0.44 -2.57 24.18
1.24 0.44 -2.57 34.45
1.35 0.44 -2.57 18.51
1.46 0.44 -2.57 47.03
1.56 0.44 -2.57 162.28
1.67 0.44 -2.57 396.81
1.78 0.44 -2.57 373.70
1.88 0.44 -2.57 183.87
1.99 0.44 -2.57 222.44
2.09 0.44 -2.57 127.95
0.50 0.51 -2.57 1.43
0.61 0.51 -2.57 1.91
0.71 0.51 -2.57 3.05
0.82 0.51 -2.57 2.33
0.93 0.51 -2.57 13.35
1.03 0.51 -2.57 4.52
1.14 0.51 -2.57 21.01
1.24 0.51 -2.57 24.85
1.35 0.51 -2.57 79.99
1.46 0.51 -2.57 123.22
1.56 0.51 -2.57 101.68
1.67 0.51 -2.57 85.75
1.78 0.51 -2.57 202.46
1.88 0.51 -2.57 177.07
1.99 0.51 -2.57 219.25
2.09 0.51 -2.57 179.53
0.50 0.58 -2.57 1.16
0.61 0.58 -2.57 1.29
0.71 0.58 -2.57 0.62
0.82 0.58 -2.57 8.65
0.93 0.58 -2.57 15.62
1.03 0.58 -2.57 4.37
1.14 0.58 -2.57 5.45
1.24 0.58 -2.57 27.68
1.35 0.58 -2.57 8.74
1.46 0.58 -2.57 12.76
1.56 0.58 -2.57 50.57
1.67 0.58 -2.57 11.00
1.78 0.58 -2.57 78.82
1.88 0.58 -2.57 169.73
1.99 0.58 -2.57 212.92
2.09 0.58 -2.57 240.32
0.50 0.65 -2.57 0.52
0.61 0.65 -2.57 0.98
0.71 0.65 -2.57 1.15
0.82 0.65 -2.57 1.17
0.93 0.65 -2.57 1.93
1.03 0.65 -2.57 1.96
1.14 0.65 -2.57 5.24
1.24 0.65 -2.57 4.63
1.35 0.65 -2.57 1.80
1.46 0.65 -2.57 10.40
1.56 0.65 -2.57 15.41
1.67 0.65 -2.57 118.01
1.78 0.65 -2.57 95.13
1.88 0.65 -2.57 17.20
1.99 0.65 -2.57 93.94
2.09 0.65 -2.57 133.11
0.50 0.72 -2.57 0.51
0.61 0.72 -2.57 0.76
0.71 0.72 -2.57 0.60
0.82 0.72 -2.57 0.91
0.93 0.72 -2.57 1.43
1.03 0.72 -2.57 1.17
1.14 0.72 -2.57 2.45
1.24 0.72 -2.57 4.34
1.35 0.72 -2.57 4.75
1.46 0.72 -2.57 19.78
1.56 0.72 -2.57 93.26
1.67 0.72 -2.57 122.19
1.78 0.72 -2.57 30.54
1.88 0.72 -2.57 18.22
1.99 0.72 -2.57 117.30
2.09 0.72 -2.57 20.11
0.50 0.79 -2.57 0.35
0.61 0.79 -2.57 1.48
0.71 0.79 -2.57 2.56
0.82 0.79 -2.57 7.79
0.93 0.79 -2.57 0.78
1.03 0.79 -2.57 0.98
1.14 0.79 -2.57 7.12
1.24 0.79 -2.57 2.81
1.35 0.79 -2.57 11.59
1.46 0.79 -2.57 14.04
1.56 0.79 -2.57 8.49
1.67 0.79 -2.57 25.95
1.78 0.79 -2.57 5.25
1.88 0.79 -2.57 6.09
1.99 0.79 -2.57 2.15
2.09 0.79 -2.57 240.83
0.50 0.86 -2.57 0.32
0.61 0.86 -2.57 0.42
0.71 0.86 -2.57 0.27
0.82 0.86 -2.57 0.85
0.93 0.86 -2.57 6.90
1.03 0.86 -2.57 0.78
1.14 0.86 -2.57 14.92
1.24 0.86 -2.57 1.05
1.35 0.86 -2.57 12.00
1.46 0.86 -2.57 7.29
1.56 0.86 -2.57 29.71
1.67 0.86 -2.57 7.75
1.78 0.86 -2.57 8.83
1.88 0.86 -2.57 22.54
1.99 0.86 -2.57 9.85
2.09 0.86 -2.57 20.22
0.50 0.93 -2.57 0.49
0.61 0.93 -2.57 0.48
0.71 0.93 -2.57 0.94
0.82 0.93 -2.57 0.42
0.93 0.93 -2.57 0.84
1.03 0.93 -2.57 0.61
1.14 0.93 -2.57 2.96
1.24 0.93 -2.57 4.06
1.35 0.93 -2.57 1.70
1.46 0.93 -2.57 1.08
1.56 0.93 -2.57 15.42
1.67 0.93 -2.57 4.06
1.78 0.93 -2.57 2.44
1.88 0.93 -2.57 13.91
1.99 0.93 -2.57 23.40
2.09 0.93 -2.57 15.86
0.50 0.99 -2.57 0.24
0.61 0.99 -2.57 0.54
0.71 0.99 -2.57 0.70
0.82 0.99 -2.57 0.39
0.93 0.99 -2.57 1.14
1.03 0.99 -2.57 0.55
1.14 0.99 -2.57 1.52
1.24 0.99 -2.57 0.48
1.35 0.99 -2.57 1.04
1.46 0.99 -2.57 1.80
1.56 0.99 -2.57 4.46
1.67 0.99 -2.57 9.80
1.78 0.99 -2.57 2.41
1.88 0.99 -2.57 6.97
1.99 0.99 -2.57 5.58
2.09 0.99 -2.57 11.18
0.50 1.06 -2.57 0.35
0.61 1.06 -2.57 0.29
0.71 1.06 -2.57 0.31
0.82 1.06 -2.57 0.29
0.93 1.06 -2.57 0.75
1.03 1.06 -2.57 0.28
1.14 1.06 -2.57 0.71
1.24 1.06 -2.57 2.10
1.35 1.06 -2.57 3.78
1.46 1.06 -2.57 3.04
1.56 1.06 -2.57 1.45
1.67 1.06 -2.57 2.01
1.78 1.06 -2.57 2.43
1.88 1.06 -2.57 4.31
1.99 1.06 -2.57 5.86
2.09 1.06 -2.57 8.26
0.50 1.13 -2.57 0.23
0.61 1.13 -2.57 0.52
0.71 1.13 -2.57 0.43
0.82 1.13 -2.57 6.65
0.93 1.13 -2.57 0.35
1.03 1.13 -2.57 0.47
1.14 1.13 -2.57 0.65
1.24 1.13 -2.57 0.45
1.35 1.13 -2.57 1.20
1.46 1.13 -2.57 0.82
1.56 1.13 -2.57 6.39
1.67 1.13 -2.57 7.76
1.78 1.13 -2.57 2.41
1.88 1.13 -2.57 3.76
1.99 1.13 -2.57 21.39
2.09 1.13 -2.57 2.71
0.50 0.10 -2.40 28.67
0.61 0.10 -2.40 29.77
0.71 0.10 -2.40 63.48
0.82 0.10 -2.40 135.77
0.93 0.10 -2.40 270.22
1.03 0.10 -2.40 405.51
1.14 0.10 -2.40 479.50
1.24 0.10 -2.40 330.82
1.35 0.10 -2.40 242.18
1.46 0.10 -2.40 183.01
1.56 0.10 -2.40 148.24
1.67 0.10 -2.40 133.61
1.78 0.10 -2.40 115.91
1.88 0.10 -2.40 109.35
1.99 0.10 -2.40 104.70
2.09 0.10 -2.40 99.58
0.50 0.17 -2.40 4.93
0.61 0.17 -2.40 22.24
0.71 0.17 -2.40 25.35
0.82 0.17 -2.40 106.49
0.93 0.17 -2.40 120.16
1.03 0.17 -2.40 500.25
1.14 0.17 -2.40 629.62
1.24 0.17 -2.40 537.66
1.35 0.17 -2.40 385.83
1.46 0.17 -2.40 229.15
1.56 0.17 -2.40 250.53
1.67 0.17 -2.40 178.29
1.78 0.17 -2.40 158.02
1.88 0.17 -2.40 120.64
1.99 0.17 -2.40 118.23
2.09 0.17 -2.40 107.90
0.50 0.24 -2.40 5.21
0.61 0.24 -2.40 5.44
0.71 0.24 -2.40 4.92
0.82 0.24 -2.40 44.69
0.93 0.24 -2.40 51.44
1.03 0.24 -2.40 159.34
1.14 0.24 -2.40 190.73
1.24 0.24 -2.40 402.33
1.35 0.24 -2.40 200.92
1.46 0.24 -2.40 390.50
1.56 0.24 -2.40 241.32
1.67 0.24 -2.40 191.49
1.78 0.24 -2.40 155.67
1.88 0.24 -2.40 154.51
1.99 0.24 -2.40 126.02
2.09 0.24 -2.40 137.05
0.50 0.31 -2.40 2.44
0.61 0.31 -2.40 2.16
0.71 0.31 -2.40 9.05
0.82 0.31 -2.40 30.51
0.93 0.31 -2.40 14.45
1.03 0.31 -2.40 52.16
1.14 0.31 -2.40 117.69
1.24 0.31 -2.40 158.29
1.35 0.31 -2.40 97.70
1.46 0.31 -2.40 344.25
1.56 0.31 -2.40 446.68
1.67 0.31 -2.40 340.66
1.78 0.31 -2.40 277.97
1.88 0.31 -2.40 159.89
1.99 0.31 -2.40 174.25
2.09 0.31 -2.40 146.21
0.50 0.38 -2.40 0.79
0.61 0.38 -2.40 1.25
0.71 0.38 -2.40 7.72
0.82 0.38 -2.40 5.60
0.93 0.38 -2.40 8.39
1.03 0.38 -2.40 27.46
1.14 0.38 -2.40 24.05
1.24 0.38 -2.40 29.22
1.35 0.38 -2.40 18.61
1.46 0.38 -2.40 186.56
1.56 0.38 -2.40 390.57
1.67 0.38 -2.40 303.27
1.78 0.38 -2.40 253.10
1.88 0.38 -2.40 163.46
1.99 0.38 -2.40 259.47
2.09 0.38 -2.40 207.27
0.50 0.44 -2.40 2.96
0.61 0.44 -2.40 0.97
0.71 0.44 -2.40 1.71
0.82 0.44 -2.40 2.03
0.93 0.44 -2.40 8.07
1.03 0.44 -2.40 13.05
1.14 0.44 -2.40 15.18
1.24 0.44 -2.40 43.05
1.35 0.44 -2.40 42.29
1.46 0.44 -2.40 202.30
1.56 0.44 -2.40 179.43
1.67 0.44 -2.40 131.41
1.78 0.44 -2.40 183.06
1.88 0.44 -2.40 179.69
1.99 0.44 -2.40 289.12
2.09 0.44 -2.40 186.02
0.50 0.51 -2.40 0.75
0.61 0.51 -2.40 0.65
0.71 0.51 -2.40 0.99
0.82 0.51 -2.40 1.03
0.93 0.51 -2.40 1.30
1.03 0.51 -2.40 2.43
1.14 0.51 -2.40 10.08
1.24 0.51 -2.40 38.08
1.35 0.51 -2.40 12.59
1.46 0.51 -2.40 30.66
1.56 0.51 -2.40 74.16
1.67 0.51 -2.40 84.18
1.78 0.51 -2.40 29.84
1.88 0.51 -2.40 73.35
1.99 0.51 -2.40 205.96
2.09 0.51 -2.40 255.28
0.50 0.58 -2.40 0.40
0.61 0.58 -2.40 0.70
0.71 0.58 -2.40 0.58
0.82 0.58 -2.40 1.35
0.93 0.58 -2.40 2.49
1.03 0.58 -2.40 1.82
1.14 0.58 -2.40 8.75
1.24 0.58 -2.40 5.79
1.35 0.58 -2.40 7.56
1.46 0.58 -2.40 46.47
1.56 0.58 -2.40 33.52
1.67 0.58 -2.40 26.89
1.78 0.58 -2.40 48.79
1.88 0.58 -2.40 25.43
1.99 0.58 -2.40 133.68
2.09 0.58 -2.40 33.86
0.50 0.65 -2.40 0.47
0.61 0.65 -2.40 0.86
0.71 0.65 -2.40 0.73
0.82 0.65 -2.40 1.69
0.93 0.65 -2.40 0.83
1.03 0.65 -2.40 0.66
1.14 0.65 -2.40 1.12
1.24 0.65 -2.40 9.24
1.35 0.65 -2.40 2.13
1.46 0.65 -2.40 45.07
1.56 0.65 -2.40 18.41
1.67 0.65 -2.40 100.82
1.78 0.65 -2.40 10.73
1.88 0.65 -2.40 18.35
1.99 0.65 -2.40 79.02
2.09 0.65 -2.40 37.24
0.50 0.72 -2.40 0.45
0.61 0.72 -2.40 0.63
0.71 0.72 -2.40 0.47
0.82 0.72 -2.40 0.88
0.93 0.72 -2.40 1.68
1.03 0.72 -2.40 1.18
1.14 0.72 -2.40 9.60
1.24 0.72 -2.40 2.86
1.35 0.72 -2.40 3.50
1.46 0.72 -2.40 4.84
1.56 0.72 -2.40 7.62
1.67 0.72 -2.40 19.97
1.78 0.72 -2.40 20.96
1.88 0.72 -2.40 6.40
1.99 0.72 -2.40 19.69
2.09 0.72 -2.40 145.97
0.50 0.79 -2.40 0.26
0.61 0.79 -2.40 0.30
0.71 0.79 -2.40 1.39
0.82 0.79 -2.40 0.64
0.93 0.79 -2.40 1.37
1.03 0.79 -2.40 5.77
1.14 0.79 -2.40 7.55
1.24 0.79 -2.40 3.37
1.35 0.79 -2.40 6.25
1.46 0.79 -2.40 1.12
1.56 0.79 -2.40 4.49
1.67 0.79 -2.40 10.73
1.78 0.79 -2.40 24.22
1.88 0.79 -2.40 19.06
1.99 0.79 -2.40 10.90
2.09 0.79 -2.40 55.53
0.50 0.86 -2.40 0.35
0.61 0.86 -2.40 0.36
0.71 0.86 -2.40 0.33
0.82 0.86 -2.40 0.38
0.93 0.86 -2.40 1.52
1.03 0.86 -2.40 1.16
1.14 0.86 -2.40 3.23
1.24 0.86 -2.40 3.42
1.35 0.86 -2.40 7.55
1.46 0.86 -2.40 1.24
1.56 0.86 -2.40 1.45
1.67 0.86 -2.40 5.34
1.78 0.86 -2.40 5.24
1.88 0.86 -2.40 31.67
1.99 0.86 -2.40 19.36
2.09 0.86 -2.40 9.38
0.50 0.93 -2.40 0.29
0.61 0.93 -2.40 0.33
0.71 0.93 -2.40 0.29
0.82 0.93 -2.40 2.18
0.93 0.93 -2.40 0.41
1.03 0.93 -2.40 0.50
1.14 0.93 -2.40 1.02
1.24 0.93 -2.40 1.28
1.35 0.93 -2.40 0.76
1.46 0.93 -2.40 8.26
1.56 0.93 -2.40 7.03
1.67 0.93 -2.40 6.46
1.78 0.93 -2.40 5.33
1.88 0.93 -2.40 8.09
1.99 0.93 -2.40 5.91
2.09 0.93 -2.40 5.81
0.50 0.99 -2.40 0.22
0.61 0.99 -2.40 0.64
0.71 0.99 -2.40 0.27
0.82 0.99 -2.40 0.54
0.93 0.99 -2.40 0.33
1.03 0.99 -2.40 0.64
1.14 0.99 -2.40 1.61
1.24 0.99 -2.40 1.79
1.35 0.99 -2.40 0.76
1.46 0.99 -2.40 2.52
1.56 0.99 -2.40 0.86
1.67 0.99 -2.40 10.39
1.78 0.99 -2.40 8.49
1.88 0.99 -2.40 2.49
1.99 0.99 -2.40 4.21
2.09 0.99 -2.40 17.86
0.50 1.06 -2.40 0.18
0.61 1.06 -2.40 0.33
0.71 1.06 -2.40 5.90
0.82 1.06 -2.40 0.50
0.93 1.06 -2.40 0.29
1.03 1.06 -2.40 0.57
1.14 1.06 -2.40 2.02
1.24 1.06 -2.40 3.23
1.35 1.06 -2.40 1.46
1.46 1.06 -2.40 2.78
1.56 1.06 -2.40 2.70
1.67 1.06 -2.40 2.52
1.78 1.06 -2.40 5.74
1.88 1.06 -2.40 5.30
1.99 1.06 -2.40 3.53
2.09 1.06 -2.40 18.50
0.50 1.13 -2.40 0.18
0.61 1.13 -2.40 0.75
0.71 1.13 -2.40 0.92
0.82 1.13 -2.40 0.26
0.93 1.13 -2.40 0.33
1.03 1.13 -2.40 0.45
1.14 1.13 -2.40 0.31
1.24 1.13 -2.40 0.73
1.35 1.13 -2.40 8.37
1.46 1.13 -2.40 6.42
1.56 1.13 -2.40 0.70
1.67 1.13 -2.40 5.45
1.78 1.13 -2.40 2.87
1.88 1.13 -2.40 3.20
1.99 1.13 -2.40 2.99
2.09 1.13 -2.40 6.04
0.50 0.10 -2.22 13.53
0.61 0.10 -2.22 29.31
0.71 0.10 -2.22 64.66
0.82 0.10 -2.22 141.75
0.93 0.10 -2.22 286.75
1.03 0.10 -2.22 495.93
1.14 0.10 -2.22 658.34
1.24 0.10 -2.22 454.06
1.35 0.10 -2.22 341.78
1.46 0.10 -2.22 205.89
1.56 0.10 -2.22 160.80
1.67 0.10 -2.22 146.03
1.78 0.10 -2.22 127.98
1.88 0.10 -2.22 116.64
1.99 0.10 -2.22 107.22
2.09 0.10 -2.22 102.77
0.50 0.17 -2.22 4.73
0.61 0.17 -2.22 14.16
0.71 0.17 -2.22 23.54
0.82 0.17 -2.22 60.38
0.93 0.17 -2.22 56.62
1.03 0.17 -2.22 294.15
1.14 0.17 -2.22 385.52
1.24 0.17 -2.22 473.28
1.35 0.17 -2.22 446.13
1.46 0.17 -2.22 348.49
1.56 0.17 -2.22 269.38
1.67 0.17 -2.22 180.15
1.78 0.17 -2.22 152.73
1.88 0.17 -2.22 141.73
1.99 0.17 -2.22 122.47
2.09 0.17 -2.22 105.76
0.50 0.24 -2.22 1.52
0.61 0.24 -2.22 6.13
0.71 0.24 -2.22 8.74
0.82 0.24 -2.22 16.69
0.93 0.24 -2.22 35.09
1.03 0.24 -2.22 51.44
1.14 0.24 -2.22 65.58
1.24 0.24 -2.22 210.29
1.35 0.24 -2.22 179.21
1.46 0.24 -2.22 365.31
1.56 0.24 -2.22 375.82
1.67 0.24 -2.22 463.65
1.78 0.24 -2.22 220.66
1.88 0.24 -2.22 240.84
1.99 0.24 -2.22 160.67
2.09 0.24 -2.22 133.31
0.50 0.31 -2.22 1.33
0.61 0.31 -2.22 1.09
0.71 0.31 -2.22 3.59
0.82 0.31 -2.22 7.70
0.93 0.31 -2.22 22.25
1.03 0.31 -2.22 40.56
1.14 0.31 -2.22 26.09
1.24 0.31 -2.22 79.38
1.35 0.31 -2.22 129.50
1.46 0.31 -2.22 179.44
1.56 0.31 -2.22 158.87
1.67 0.31 -2.22 241.83
1.78 0.31 -2.22 322.09
1.88 0.31 -2.22 330.99
1.99 0.31 -2.22 257.97
2.09 0.31 -2.22 184.16
0.50 0.38 -2.22 0.66
0.61 0.38 -2.22 1.76
0.71 0.38 -2.22 1.30
0.82 0.38 -2.22 4.23
0.93 0.38 -2.22 16.98
1.03 0.38 -2.22 10.57
1.14 0.38 -2.22 20.91
1.24 0.38 -2.22 24.38
1.35 0.38 -2.22 23.37
1.46 0.38 -2.22 134.22
1.56 0.38 -2.22 55.60
1.67 0.38 -2.22 91.30
1.78 0.38 -2.22 142.34
1.88 0.38 -2.22 191.70
1.99 0.38 -2.22 264.07
2.09 0.38 -2.22 242.55
0.50 0.44 -2.22 0.49
0.61 0.44 -2.22 1.22
0.71 0.44 -2.22 0.96
0.82 0.44 -2.22 0.56
0.93 0.44 -2.22 1.36
1.03 0.44 -2.22 26.48
1.14 0.44 -2.22 27.65
1.24 0.44 -2.22 8.84
1.35 0.44 -2.22 20.86
1.46 0.44 -2.22 25.07
1.56 0.44 -2.22 34.39
1.67 0.44 -2.22 70.78
1.78 0.44 -2.22 84.96
1.88 0.44 -2.22 88.30
1.99 0.44 -2.22 109.95
2.09 0.44 -2.22 154.07
0.50 0.51 -2.22 0.51
0.61 0.51 -2.22 0.75
0.71 0.51 -2.22 0.56
0.82 0.51 -2.22 2.23
0.93 0.51 -2.22 3.52
1.03 0.51 -2.22 16.44
1.14 0.51 -2.22 18.62
1.24 0.51 -2.22 17.00
1.35 0.51 -2.22 14.45
1.46 0.51 -2.22 11.73
1.56 0.51 -2.22 17.89
1.67 0.51 -2.22 58.92
1.78 0.51 -2.22 38.90
1.88 0.51 -2.22 226.19
1.99 0.51 -2.22 41.84
2.09 0.51 -2.22 135.56
0.50 0.58 -2.22 0.53
0.61 0.58 -2.22 0.65
0.71 0.58 -2.22 2.15
0.82 0.58 -2.22 1.43
0.93 0.58 -2.22 3.05
1.03 0.58 -2.22 7.20
1.14 0.58 -2.22 2.91
1.24 0.58 -2.22 6.58
1.35 0.58 -2.22 6.05
1.46 0.58 -2.22 16.46
1.56 0.58 -2.22 7.61
1.67 0.58 -2.22 6.93
1.78 0.58 -2.22 50.74
1.88 0.58 -2.22 83.79
1.99 0.58 -2.22 93.04
2.09 0.58 -2.22 56.19
0.50 0.65 -2.22 0.28
0.61 0.65 -2.22 0.39
0.71 0.65 -2.22 0.39
0.82 0.65 -2.22 0.95
0.93 0.65 -2.22 0.77
1.03 0.65 -2.22 1.03
1.14 0.65 -2.22 6.68
1.24 0.65 -2.22 10.29
1.35 0.65 -2.22 11.07
1.46 0.65 -2.22 9.71
1.56 0.65 -2.22 6.87
1.67 0.65 -2.22 17.25
1.78 0.65 -2.22 11.36
1.88 0.65 -2.22 33.24
1.99 0.65 -2.22 41.24
2.09 0.65 -2.22 101.42
0.50 0.72 -2.22 0.25
0.61 0.72 -2.22 0.40
0.71 0.72 -2.22 0.37
0.82 0.72 -2.22 0.67
0.93 0.72 -2.22 1.81
1.03 0.72 -2.22 1.12
1.14 0.72 -2.22 1.05
1.24 0.72 -2.22 1.51
1.35 0.72 -2.22 1.99
1.46 0.72 -2.22 4.95
1.56 0.72 -2.22 6.78
1.67 0.72 -2.22 5.28
1.78 0.72 -2.22 12.74
1.88 0.72 -2.22 10.97
1.99 0.72 -2.22 11.33
2.09 0.72 -2.22 31.68
0.50 0.79 -2.22 0.41
0.61 0.79 -2.22 0.37
0.71 0.79 -2.22 2.26
0.82 0.79 -2.22 0.52
0.93 0.79 -2.22 0.63
1.03 0.79 -2.22 1.10
1.14 0.79 -2.22 0.36
1.24 0.79 -2.22 3.65
1.35 0.79 -2.22 3.24
1.46 0.79 -2.22 3.48
1.56 0.79 -2.22 3.99
1.67 0.79 -2.22 6.51
1.78 0.79 -2.22 16.30
1.88 0.79 -2.22 5.08
1.99 0.79 -2.22 55.66
2.09 0.79 -2.22 25.14
0.50 0.86 -2.22 0.23
0.61 0.86 -2.22 0.30
0.71 0.86 -2.22 0.54
0.82 0.86 -2.22 0.25
0.93 0.86 -2.22 0.51
1.03 0.86 -2.22 1.47
1.14 0.86 -2.22 0.43
1.24 0.86 -2.22 0.54
1.35 0.86 -2.22 6.33
1.46 0.86 -2.22 6.02
1.56 0.86 -2.22 4.84
1.67 0.86 -2.22 3.59
1.78 0.86 -2.22 5.72
1.88 0.86 -2.22 12.22
1.99 0.86 -2.22 4.56
2.09 0.86 -2.22 16.15
0.50 0.93 -2.22 0.23
0.61 0.93 -2.22 0.37
0.71 0.93 -2.22 0.59
0.82 0.93 -2.22 0.43
0.93 0.93 -2.22 0.93
1.03 0.93 -2.22 3.23
1.14 0.93 -2.22 0.66
1.24 0.93 -2.22 7.54
1.35 0.93 -2.22 8.28
1.46 0.93 -2.22 5.45
1.56 0.93 -2.22 5.75
1.67 0.93 -2.22 4.13
1.78 0.93 -2.22 5.47
1.88 0.93 -2.22 10.80
1.99 0.93 -2.22 13.92
2.09 0.93 -2.22 5.63
0.50 0.99 -2.22 0.36
0.61 0.99 -2.22 0.35
0.71 0.99 -2.22 0.48
0.82 0.99 -2.22 0.31
0.93 0.99 -2.22 0.24
1.03 0.99 -2.22 0.50
1.14 0.99 -2.22 1.65
1.24 0.99 -2.22 2.82
1.35 0.99 -2.22 6.16
1.46 0.99 -2.22 1.02
1.56 0.99 -2.22 3.25
1.67 0.99 -2.22 7.09
1.78 0.99 -2.22 3.69
1.88 0.99 -2.22 9.88
1.99 0.99 -2.22 7.31
2.09 0.99 -2.22 5.13
0.50 1.06 -2.22 0.35
0.61 1.06 -2.22 0.89
0.71 1.06 -2.22 0.75
0.82 1.06 -2.22 0.90
0.93 1.06 -2.22 0.30
1.03 1.06 -2.22 1.13
1.14 1.06 -2.22 3.01
1.24 1.06 -2.22 0.63
1.35 1.06 -2.22 5.42
1.46 1.06 -2.22 6.26
1.56 1.06 -2.22 4.94
1.67 1.06 -2.22 6.17
1.78 1.06 -2.22 7.81
1.88 1.06 -2.22 7.12
1.99 1.06 -2.22 7.78
2.09 1.06 -2.22 3.25
0.50 1.13 -2.22 0.52
0.61 1.13 -2.22 0.21
0.71 1.13 -2.22 0.28
0.82 1.13 -2.22 1.51
0.93 1.13 -2.22 0.24
1.03 1.13 -2.22 1.06
1.14 1.13 -2.22 0.41
1.24 1.13 -2.22 0.68
1.35 1.13 -2.22 1.20
1.46 1.13 -2.22 0.71
1.56 1.13 -2.22 0.84
1.67 1.13 -2.22 4.21
1.78 1.13 -2.22 1.26
1.88 1.13 -2.22 0.58
1.99 1.13 -2.22 5.41
2.09 1.13 -2.22 6.37
0.50 0.10 -2.05 11.55
0.61 0.10 -2.05 25.17
0.71 0.10 -2.05 56.08
0.82 0.10 -2.05 103.03
0.93 0.10 -2.05 279.29
1.03 0.10 -2.05 413.00
1.14 0.10 -2.05 626.60
1.24 0.10 -2.05 503.96
1.35 0.10 -2.05 405.21
1.46 0.10 -2.05 245.81
1.56 0.10 -2.05 198.04
1.67 0.10 -2.05 152.88
1.78 0.10 -2.05 138.69
1.88 0.10 -2.05 121.41
1.99 0.10 -2.05 109.71
2.09 0.10 -2.05 103.25
0.50 0.17 -2.05 2.88
0.61 0.17 -2.05 9.60
0.71 0.17 -2.05 7.94
0.82 0.17 -2.05 37.51
0.93 0.17 -2.05 93.10
1.03 0.17 -2.05 134.01
1.14 0.17 -2.05 257.49
1.24 0.17 -2.05 258.99
1.35 0.17 -2.05 375.43
1.46 0.17 -2.05 479.31
1.56 0.17 -2.05 373.80
1.67 0.17 -2.05 300.15
1.78 0.17 -2.05 231.27
1.88 0.17 -2.05 180.37
1.99 0.17 -2.05 138.40
2.09 0.17 -2.05 124.06
0.50 0.24 -2.05 2.93
0.61 0.24 -2.05 3.78
0.71 0.24 -2.05 3.39
0.82 0.24 -2.05 10.32
0.93 0.24 -2.05 22.35
1.03 0.24 -2.05 22.01
1.14 0.24 -2.05 59.38
1.24 0.24 -2.05 144.99
1.35 0.24 -2.05 142.15
1.46 0.24 -2.05 183.89
1.56 0.24 -2.05 227.14
1.67 0.24 -2.05 415.82
1.78 0.24 -2.05 331.70
1.88 0.24 -2.05 309.87
1.99 0.24 -2.05 254.23
2.09 0.24 -2.05 154.04
0.50 0.31 -2.05 0.54
0.61 0.31 -2.05 2.28
0.71 0.31 -2.05 2.74
0.82 0.31 -2.05 11.45
0.93 0.31 -2.05 14.16
1.03 0.31 -2.05 36.38
1.14 0.31 -2.05 23.27
1.24 0.31 -2.05 71.34
1.35 0.31 -2.05 68.18
1.46 0.31 -2.05 105.71
1.56 0.31 -2.05 111.76
1.67 0.31 -2.05 165.63
1.78 0.31 -2.05 308.06
1.88 0.31 -2.05 343.27
1.99 0.31 -2.05 225.19
2.09 0.31 -2.05 303.81
0.50 0.38 -2.05 0.33
0.61 0.38 -2.05 1.21
0.71 0.38 -2.05 1.32
0.82 0.38 -2.05 1.16
0.93 0.38 -2.05 5.65
1.03 0.38 -2.05 8.68
1.14 0.38 -2.05 16.14
1.24 0.38 -2.05 44.95
1.35 0.38 -2.05 20.53
1.46 0.38 -2.05 106.22
1.56 0.38 -2.05 43.36
1.67 0.38 -2.05 82.27
1.78 0.38 -2.05 97.27
1.88 0.38 -2.05 143.99
1.99 0.38 -2.05 162.18
2.09 0.38 -2.05 257.53
0.50 0.44 -2.05 0.49
0.61 0.44 -2.05 0.65
0.71 0.44 -2.05 2.06
0.82 0.44 -2.05 4.77
0.93 0.44 -2.05 11.10
1.03 0.44 -2.05 13.84
1.14 0.44 -2.05 5.63
1.24 0.44 -2.05 15.55
1.35 0.44 -2.05 11.21
1.46 0.44 -2.05 45.65
1.56 0.44 -2.05 48.81
1.67 0.44 -2.05 45.60
1.78 0.44 -2.05 114.66
1.88 0.44 -2.05 40.74
1.99 0.44 -2.05 139.29
2.09 0.44 -2.05 95.66
0.50 0.51 -2.05 0.47
0.61 0.51 -2.05 0.46
0.71 0.51 -2.05 0.79
0.82 0.51 -2.05 1.57
0.93 0.51 -2.05 4.19
1.03 0.51 -2.05 2.74
1.14 0.51 -2.05 4.69
1.24 0.51 -2.05 6.35
1.35 0.51 -2.05 8.12
1.46 0.51 -2.05 29.29
1.56 0.51 -2.05 32.58
1.67 0.51 -2.05 21.90
1.78 0.51 -2.05 39.57
1.88 0.51 -2.05 47.00
1.99 0.51 -2.05 112.42
2.09 0.51 -2.05 78.20
0.50 0.58 -2.05 0.50
0.61 0.58 -2.05 0.58
0.71 0.58 -2.05 0.74
0.82 0.58 -2.05 3.79
0.93 0.58 -2.05 5.98
1.03 0.58 -2.05 5.71
1.14 0.58 -2.05 2.67
1.24 0.58 -2.05 8.76
1.35 0.58 -2.05 7.72
1.46 0.58 -2.05 10.89
1.56 0.58 -2.05 7.37
1.67 0.58 -2.05 6.28
1.78 0.58 -2.05 27.10
1.88 0.58 -2.05 22.27
1.99 0.58 -2.05 19.67
2.09 0.58 -2.05 47.34
0.50 0.65 -2.05 0.31
0.61 0.65 -2.05 0.36
0.71 0.65 -2.05 0.83
0.82 0.65 -2.05 0.46
0.93 0.65 -2.05 1.46
1.03 0.65 -2.05 4.17
1.14 0.65 -2.05 5.38
1.24 0.65 -2.05 6.93
1.35 0.65 -2.05 6.07
1.46 0.65 -2.05 18.25
1.56 0.65 -2.05 11.47
1.67 0.65 -2.05 13.67
1.78 0.65 -2.05 7.69
1.88 0.65 -2.05 18.60
1.99 0.65 -2.05 62.85
2.09 0.65 -2.05 24.51
0.50 0.72 -2.05 0.31
0.61 0.72 -2.05 0.53
0.71 0.72 -2.05 0.85
0.82 0.72 -2.05 1.62
0.93 0.72 -2.05 3.08
1.03 0.72 -2.05 2.58
1.14 0.72 -2.05 3.40
1.24 0.72 -2.05 1.22
1.35 0.72 -2.05 3.15
1.46 0.72 -2.05 10.12
1.56 0.72 -2.05 10.28
1.67 0.72 -2.05 11.35
1.78 0.72 -2.05 12.48
1.88 0.72 -2.05 12.18
1.99 0.72 -2.05 19.98
2.09 0.72 -2.05 32.99
0.50 0.79 -2.05 0.36
0.61 0.79 -2.05 0.34
0.71 0.79 -2.05 0.73
0.82 0.79 -2.05 1.55
0.93 0.79 -2.05 2.84
1.03 0.79 -2.05 1.28
1.14 0.79 -2.05 3.33
1.24 0.79 -2.05 3.54
1.35 0.79 -2.05 3.62
1.46 0.79 -2.05 7.85
1.56 0.79 -2.05 7.91
1.67 0.79 -2.05 7.08
1.78 0.79 -2.05 6.60
1.88 0.79 -2.05 18.74
1.99 0.79 -2.05 9.81
2.09 0.79 -2.05 17.41
0.50 0.86 -2.05 0.45
0.61 0.86 -2.05 0.93
0.71 0.86 -2.05 0.40
0.82 0.86 -2.05 2.35
0.93 0.86 -2.05 1.33
1.03 0.86 -2.05 2.63
1.14 0.86 -2.05 3.52
1.24 0.86 -2.05 2.00
1.35 0.86 -2.05 3.34
1.46 0.86 -2.05 5.83
1.56 0.86 -2.05 7.39
1.67 0.86 -2.05 1.83
1.78 0.86 -2.05 7.98
1.88 0.86 -2.05 17.57
1.99 0.86 -2.05 25.42
2.09 0.86 -2.05 23.79
0.50 0.93 -2.05 0.63
0.61 0.93 -2.05 0.39
0.71 0.93 -2.05 0.46
0.82 0.93 -2.05 0.94
0.93 0.93 -2.05 0.43
1.03 0.93 -2.05 1.18
1.14 0.93 -2.05 0.73
1.24 0.93 -2.05 1.93
1.35 0.93 -2.05 8.24
1.46 0.93 -2.05 7.27
1.56 0.93 -2.05 7.67
1.67 0.93 -2.05 1.85
1.78 0.93 -2.05 12.97
1.88 0.93 -2.05 7.26
1.99 0.93 -2.05 5.06
2.09 0.93 -2.05 4.34
0.50 0.99 -2.05 0.23
0.61 0.99 -2.05 0.35
0.71 0.99 -2.05 0.56
0.82 0.99 -2.05 0.55
0.93 0.99 -2.05 0.87
1.03 0.99 -2.05 0.78
1.14 0.99 -2.05 3.82
1.24 0.99 -2.05 0.61
1.35 0.99 -2.05 4.50
1.46 0.99 -2.05 8.55
1.56 0.99 -2.05 7.83
1.67 0.99 -2.05 5.35
1.78 0.99 -2.05 7.89
1.88 0.99 -2.05 5.83
1.99 0.99 -2.05 5.15
2.09 0.99 -2.05 9.89
0.50 1.06 -2.05 0.36
0.61 1.06 -2.05 0.30
0.71 1.06 -2.05 0.40
0.82 1.06 -2.05 0.38
0.93 1.06 -2.05 2.31
1.03 1.06 -2.05 0.92
1.14 1.06 -2.05 3.66
1.24 1.06 -2.05 1.46
1.35 1.06 -2.05 0.53
1.46 1.06 -2.05 4.00
1.56 1.06 -2.05 3.78
1.67 1.06 -2.05 6.82
1.78 1.06 -2.05 4.96
1.88 1.06 -2.05 3.87
1.99 1.06 -2.05 6.27
2.09 1.06 -2.05 4.66
0.50 1.13 -2.05 1.20
0.61 1.13 -2.05 0.22
0.71 1.13 -2.05 0.52
0.82 1.13 -2.05 0.31
0.93 1.13 -2.05 2.58
1.03 1.13 -2.05 1.52
1.14 1.13 -2.05 1.36
1.24 1.13 -2.05 5.11
1.35 1.13 -2.05 1.48
1.46 1.13 -2.05 1.14
1.56 1.13 -2.05 2.45
1.67 1.13 -2.05 4.44
1.78 1.13 -2.05 4.69
1.88 1.13 -2.05 4.07
1.99 1.13 -2.05 3.34
2.09 1.13 -2.05 6.25
0.50 0.10 -1.88 9.51
0.61 0.10 -1.88 15.83
0.71 0.10 -1.88 34.99
0.82 0.10 -1.88 87.33
0.93 0.10 -1.88 218.39
1.03 0.10 -1.88 351.87
1.14 0.10 -1.88 454.06
1.24 0.10 -1.88 578.53
1.35 0.10 -1.88 411.79
1.46 0.10 -1.88 297.72
1.56 0.10 -1.88 225.49
1.67 0.10 -1.88 178.50
1.78 0.10 -1.88 149.09
1.88 0.10 -1.88 132.48
1.99 0.10 -1.88 114.59
2.09 0.10 -1.88 109.80
0.50 0.17 -1.88 4.12
0.61 0.17 -1.88 6.98
0.71 0.17 -1.88 17.72
0.82 0.17 -1.88 31.81
0.93 0.17 -1.88 58.32
1.03 0.17 -1.88 168.37
1.14 0.17 -1.88 177.66
1.24 0.17 -1.88 190.08
1.35 0.17 -1.88 281.33
1.46 0.17 -1.88 366.93
1.56 0.17 -1.88 458.43
1.67 0.17 -1.88 356.27
1.78 0.17 -1.88 273.00
1.88 0.17 -1.88 218.51
1.99 0.17 -1.88 166.70
2.09 0.17 -1.88 134.84
0.50 0.24 -1.88 1.46
0.61 0.24 -1.88 3.53
0.71 0.24 -1.88 10.87
0.82 0.24 -1.88 10.71
0.93 0.24 -1.88 19.33
1.03 0.24 -1.88 73.75
1.14 0.24 -1.88 57.48
1.24 0.24 -1.88 135.56
1.35 0.24 -1.88 131.40
1.46 0.24 -1.88 146.24
1.56 0.24 -1.88 163.84
1.67 0.24 -1.88 336.66
1.78 0.24 -1.88 360.05
1.88 0.24 -1.88 349.24
1.99 0.24 -1.88 326.46
2.09 0.24 -1.88 298.74
0.50 0.31 -1.88 0.87
0.61 0.31 -1.88 2.17
0.71 0.31 -1.88 3.48
0.82 0.31 -1.88 6.43
0.93 0.31 -1.88 12.87
1.03 0.31 -1.88 17.23
1.14 0.31 -1.88 29.15
1.24 0.31 -1.88 78.25
1.35 0.31 -1.88 57.17
1.46 0.31 -1.88 116.74
1.56 0.31 -1.88 114.05
1.67 0.31 -1.88 126.29
1.78 0.31 -1.88 161.90
1.88 0.31 -1.88 252.26
1.99 0.31 -1.88 192.89
2.09 0.31 -1.88 364.14
0.50 0.38 -1.88 0.42
0.61 0.38 -1.88 0.76
0.71 0.38 -1.88 1.85
0.82 0.38 -1.88 4.18
0.93 0.38 -1.88 19.04
1.03 0.38 -1.88 10.22
1.14 0.38 -1.88 22.67
1.24 0.38 -1.88 15.32
1.35 0.38 -1.88 16.14
1.46 0.38 -1.88 48.97
1.56 0.38 -1.88 52.10
1.67 0.38 -1.88 57.02
1.78 0.38 -1.88 133.31
1.88 0.38 -1.88 98.22
1.99 0.38 -1.88 136.49
2.09 0.38 -1.88 308.81
0.50 0.44 -1.88 0.48
0.61 0.44 -1.88 1.23
0.71 0.44 -1.88 0.55
0.82 0.44 -1.88 1.28
0.93 0.44 -1.88 6.18
1.03 0.44 -1.88 13.98
1.14 0.44 -1.88 5.27
1.24 0.44 -1.88 12.61
1.35 0.44 -1.88 27.69
1.46 0.44 -1.88 33.14
1.56 0.44 -1.88 31.85
1.67 0.44 -1.88 74.04
1.78 0.44 -1.88 77.16
1.88 0.44 -1.88 82.76
1.99 0.44 -1.88 94.65
2.09 0.44 -1.88 93.90
0.50 0.51 -1.88 0.44
0.61 0.51 -1.88 0.78
0.71 0.51 -1.88 0.49
0.82 0.51 -1.88 1.71
0.93 0.51 -1.88 5.30
1.03 0.51 -1.88 8.72
1.14 0.51 -1.88 11.90
1.24 0.51 -1.88 14.01
1.35 0.51 -1.88 11.72
1.46 0.51 -1.88 32.02
1.56 0.51 -1.88 28.64
1.67 0.51 -1.88 41.85
1.78 0.51 -1.88 44.30
1.88 0.51 -1.88 54.11
1.99 0.51 -1.88 71.11
2.09 0.51 -1.88 81.31
0.50 0.58 -1.88 0.61
0.61 0.58 -1.88 0.67
0.71 0.58 -1.88 0.91
0.82 0.58 -1.88 0.83
0.93 0.58 -1.88 4.06
1.03 0.58 -1.88 10.33
1.14 0.58 -1.88 28.97
1.24 0.58 -1.88 2.28
1.35 0.58 -1.88 7.47
1.46 0.58 -1.88 23.27
1.56 0.58 -1.88 16.99
1.67 0.58 -1.88 12.14
1.78 0.58 -1.88 14.69
1.88 0.58 -1.88 32.95
1.99 0.58 -1.88 36.82
2.09 0.58 -1.88 88.22
0.50 0.65 -1.88 0.66
0.61 0.65 -1.88 0.62
0.71 0.65 -1.88 1.81
0.82 0.65 -1.88 0.87
0.93 0.65 -1.88 3.05
1.03 0.65 -1.88 3.45
1.14 0.65 -1.88 7.25
1.24 0.65 -1.88 10.51
1.35 0.65 -1.88 11.66
1.46 0.65 -1.88 6.34
1.56 0.65 -1.88 9.25
1.67 0.65 -1.88 20.10
1.78 0.65 -1.88 27.43
1.88 0.65 -1.88 25.11
1.99 0.65 -1.88 29.72
2.09 0.65 -1.88 36.90
0.50 0.72 -1.88 0.32
0.61 0.72 -1.88 0.37
0.71 0.72 -1.88 0.66
0.82 0.72 -1.88 1.25
0.93 0.72 -1.88 1.62
1.03 0.72 -1.88 3.60
1.14 0.72 -1.88 2.08
1.24 0.72 -1.88 8.50
1.35 0.72 -1.88 8.96
1.46 0.72 -1.88 13.01
1.56 0.72 -1.88 6.46
1.67 0.72 -1.88 13.36
1.78 0.72 -1.88 7.37
1.88 0.72 -1.88 24.01
1.99 0.72 -1.88 13.99
2.09 0.72 -1.88 20.76
0.50 0.79 -1.88 0.32
0.61 0.79 -1.88 0.76
0.71 0.79 -1.88 0.80
0.82 0.79 -1.88 0.93
0.93 0.79 -1.88 3.09
1.03 0.79 -1.88 9.13
1.14 0.79 -1.88 2.02
1.24 0.79 -1.88 6.28
1.35 0.79 -1.88 7.10
1.46 0.79 -1.88 12.29
1.56 0.79 -1.88 6.24
1.67 0.79 -1.88 4.05
1.78 0.79 -1.88 8.37
1.88 0.79 -1.88 11.54
1.99 0.79 -1.88 11.48
2.09 0.79 -1.88 21.73
0.50 0.86 -1.88 0.28
0.61 0.86 -1.88 0.41
0.71 0.86 -1.88 0.62
0.82 0.86 -1.88 0.61
0.93 0.86 -1.88 0.71
1.03 0.86 -1.88 2.97
1.14 0.86 -1.88 1.67
1.24 0.86 -1.88 1.09
1.35 0.86 -1.88 10.72
1.46 0.86 -1.88 7.92
1.56 0.86 -1.88 5.91
1.67 0.86 -1.88 8.01
1.78 0.86 -1.88 7.23
1.88 0.86 -1.88 4.52
1.99 0.86 -1.88 9.17
2.09 0.86 -1.88 18.55
0.50 0.93 -1.88 0.62
0.61 0.93 -1.88 0.59
0.71 0.93 -1.88 0.32
0.82 0.93 -1.88 0.51
0.93 0.93 -1.88 2.20
1.03 0.93 -1.88 1.51
1.14 0.93 -1.88 3.93
1.24 0.93 -1.88 6.15
1.35 0.93 -1.88 6.46
1.46 0.93 -1.88 5.46
1.56 0.93 -1.88 2.77
1.67 0.93 -1.88 2.84
1.78 0.93 -1.88 8.22
1.88 0.93 -1.88 11.51
1.99 0.93 -1.88 7.59
2.09 0.93 -1.88 5.65
0.50 0.99 -1.88 0.54
0.61 0.99 -1.88 0.46
0.71 0.99 -1.88 0.86
0.82 0.99 -1.88 0.84
0.93 0.99 -1.88 1.21
1.03 0.99 -1.88 1.87
1.14 0.99 -1.88 1.49
1.24 0.99 -1.88 4.07
1.35 0.99 -1.88 6.56
1.46 0.99 -1.88 7.79
1.56 0.99 -1.88 8.27
1.67 0.99 -1.88 3.26
1.78 0.99 -1.88 7.11
1.88 0.99 -1.88 7.02
1.99 0.99 -1.88 6.98
2.09 0.99 -1.88 9.81
0.50 1.06 -1.88 0.25
0.61 1.06 -1.88 0.38
0.71 1.06 -1.88 0.49
0.82 1.06 -1.88 2.22
0.93 1.06 -1.88 2.04
1.03 1.06 -1.88 5.81
1.14 1.06 -1.88 1.47
1.24 1.06 -1.88 3.89
1.35 1.06 -1.88 3.90
1.46 1.06 -1.88 3.50
1.56 1.06 -1.88 7.50
1.67 1.06 -1.88 4.35
1.78 1.06 -1.88 6.04
1.88 1.06 -1.88 6.33
1.99 1.06 -1.88 5.78
2.09 1.06 -1.88 4.54
0.50 1.13 -1.88 0.54
0.61 1.13 -1.88 0.43
0.71 1.13 -1.88 0.82
0.82 1.13 -1.88 0.92
0.93 1.13 -1.88 0.58
1.03 1.13 -1.88 0.91
1.14 1.13 -1.88 1.83
1.24 1.13 -1.88 2.82
1.35 1.13 -1.88 6.11
1.46 1.13 -1.88 6.68
1.56 1.13 -1.88 2.40
1.67 1.13 -1.88 1.85
1.78 1.13 -1.88 3.74
1.88 1.13 -1.88 6.92
1.99 1.13 -1.88 14.54
2.09 1.13 -1.88 6.37
0.50 0.10 -1.70 7.87
0.61 0.10 -1.70 14.49
0.71 0.10 -1.70 32.04
0.82 0.10 -1.70 94.19
0.93 0.10 -1.70 173.50
1.03 0.10 -1.70 285.45
1.14 0.10 -1.70 385.12
1.24 0.10 -1.70 490.00
1.35 0.10 -1.70 513.98
1.46 0.10 -1.70 385.98
1.56 0.10 -1.70 307.23
1.67 0.10 -1.70 195.35
1.78 0.10 -1.70 162.35
1.88 0.10 -1.70 137.42
1.99 0.10 -1.70 122.21
2.09 0.10 -1.70 110.96
0.50 0.17 -1.70 3.07
0.61 0.17 -1.70 5.66
0.71 0.17 -1.70 11.07
0.82 0.17 -1.70 32.34
0.93 0.17 -1.70 83.42
1.03 0.17 -1.70 106.84
1.14 0.17 -1.70 171.84
1.24 0.17 -1.70 173.86
1.35 0.17 -1.70 197.83
1.46 0.17 -1.70 260.36
1.56 0.17 -1.70 350.01
1.67 0.17 -1.70 429.11
1.78 0.17 -1.70 395.58
1.88 0.17 -1.70 271.07
1.99 0.17 -1.70 215.44
2.09 0.17 -1.70 167.07
0.50 0.24 -1.70 1.69
0.61 0.24 -1.70 2.97
0.71 0.24 -1.70 7.32
0.82 0.24 -1.70 17.16
0.93 0.24 -1.70 28.55
1.03 0.24 -1.70 45.40
1.14 0.24 -1.70 79.13
1.24 0.24 -1.70 113.99
1.35 0.24 -1.70 126.60
1.46 0.24 -1.70 132.37
1.56 0.24 -1.70 144.45
1.67 0.24 -1.70 167.98
1.78 0.24 -1.70 227.78
1.88 0.24 -1.70 344.03
1.99 0.24 -1.70 399.14
2.09 0.24 -1.70 420.94
0.50 0.31 -1.70 1.11
0.61 0.31 -1.70 2.30
0.71 0.31 -1.70 2.36
0.82 0.31 -1.70 8.06
0.93 0.31 -1.70 15.01
1.03 0.31 -1.70 22.84
1.14 0.31 -1.70 35.29
1.24 0.31 -1.70 33.50
1.35 0.31 -1.70 63.98
1.46 0.31 -1.70 78.70
1.56 0.31 -1.70 99.25
1.67 0.31 -1.70 93.05
1.78 0.31 -1.70 104.71
1.88 0.31 -1.70 136.15
1.99 0.31 -1.70 160.99
2.09 0.31 -1.70 238.77
0.50 0.38 -1.70 0.84
0.61 0.38 -1.70 1.23
0.71 0.38 -1.70 3.95
0.82 0.38 -1.70 5.97
0.93 0.38 -1.70 9.38
1.03 0.38 -1.70 24.50
1.14 0.38 -1.70 36.86
1.24 0.38 -1.70 42.78
1.35 0.38 -1.70 42.57
1.46 0.38 -1.70 63.60
1.56 0.38 -1.70 65.82
1.67 0.38 -1.70 107.70
1.78 0.38 -1.70 98.00
1.88 0.38 -1.70 96.73
1.99 0.38 -1.70 79.35
2.09 0.38 -1.70 138.35
0.50 0.44 -1.70 0.44
0.61 0.44 -1.70 1.00
0.71 0.44 -1.70 1.50
0.82 0.44 -1.70 2.40
0.93 0.44 -1.70 9.06
1.03 0.44 -1.70 12.30
1.14 0.44 -1.70 19.49
1.24 0.44 -1.70 37.02
1.35 0.44 -1.70 25.98
1.46 0.44 -1.70 30.56
1.56 0.44 -1.70 67.64
1.67 0.44 -1.70 53.27
1.78 0.44 -1.70 84.01
1.88 0.44 -1.70 102.15
1.99 0.44 -1.70 86.78
2.09 0.44 -1.70 92.59
0.50 0.51 -1.70 0.41
0.61 0.51 -1.70 0.70
0.71 0.51 -1.70 1.19
0.82 0.51 -1.70 3.35
0.93 0.51 -1.70 4.23
1.03 0.51 -1.70 4.98
1.14 0.51 -1.70 10.69
1.24 0.51 -1.70 10.16
1.35 0.51 -1.70 22.53
1.46 0.51 -1.70 29.81
1.56 0.51 -1.70 24.29
1.67 0.51 -1.70 41.71
1.78 0.51 -1.70 36.51
1.88 0.51 -1.70 45.25
1.99 0.51 -1.70 90.26
2.09 0.51 -1.70 84.91
0.50 0.58 -1.70 0.55
0.61 0.58 -1.70 0.69
0.71 0.58 -1.70 0.86
0.82 0.58 -1.70 1.98
0.93 0.58 -1.70 2.53
1.03 0.58 -1.70 2.01
1.14 0.58 -1.70 14.24
1.24 0.58 -1.70 8.34
1.35 0.58 -1.70 11.49
1.46 0.58 -1.70 15.96
1.56 0.58 -1.70 25.07
1.67 0.58 -1.70 37.12
1.78 0.58 -1.70 33.16
1.88 0.58 -1.70 26.57
1.99 0.58 -1.70 37.71
2.09 0.58 -1.70 60.87
0.50 0.65 -1.70 0.40
0.61 0.65 -1.70 0.83
0.71 0.65 -1.70 1.83
0.82 0.65 -1.70 2.37
0.93 0.65 -1.70 1.09
1.03 0.65 -1.70 6.92
1.14 0.65 -1.70 11.12
1.24 0.65 -1.70 7.55
1.35 0.65 -1.70 8.45
1.46 0.65 -1.70 16.73
1.56 0.65 -1.70 8.16
1.67 0.65 -1.70 31.82
1.78 0.65 -1.70 25.53
1.88 0.65 -1.70 25.67
1.99 0.65 -1.70 33.20
2.09 0.65 -1.70 25.83
0.50 0.72 -1.70 0.60
0.61 0.72 -1.70 0.92
0.71 0.72 -1.70 0.71
0.82 0.72 -1.70 1.80
0.93 0.72 -1.70 0.85
1.03 0.72 -1.70 2.86
1.14 0.72 -1.70 6.20
1.24 0.72 -1.70 3.57
1.35 0.72 -1.70 10.04
1.46 0.72 -1.70 8.87
1.56 0.72 -1.70 13.71
1.67 0.72 -1.70 18.50
1.78 0.72 -1.70 21.79
1.88 0.72 -1.70 28.81
1.99 0.72 -1.70 10.24
2.09 0.72 -1.70 23.79
0.50 0.79 -1.70 0.50
0.61 0.79 -1.70 0.68
0.71 0.79 -1.70 0.93
0.82 0.79 -1.70 3.67
0.93 0.79 -1.70 6.45
1.03 0.79 -1.70 2.98
1.14 0.79 -1.70 3.85
1.24 0.79 -1.70 11.16
1.35 0.79 -1.70 9.40
1.46 0.79 -1.70 6.42
1.56 0.79 -1.70 9.41
1.67 0.79 -1.70 10.35
1.78 0.79 -1.70 7.87
1.88 0.79 -1.70 14.63
1.99 0.79 -1.70 15.95
2.09 0.79 -1.70 22.25
0.50 0.86 -1.70 0.63
0.61 0.86 -1.70 0.59
0.71 0.86 -1.70 0.78
0.82 0.86 -1.70 3.76
0.93 0.86 -1.70 1.57
1.03 0.86 -1.70 3.41
1.14 0.86 -1.70 6.92
1.24 0.86 -1.70 11.09
1.35 0.86 -1.70 4.58
1.46 0.86 -1.70 8.45
1.56 0.86 -1.70 8.03
1.67 0.86 -1.70 8.59
1.78 0.86 -1.70 13.77
1.88 0.86 -1.70 14.13
1.99 0.86 -1.70 29.13
2.09 0.86 -1.70 10.60
0.50 0.93 -1.70 0.44
0.61 0.93 -1.70 0.52
0.71 0.93 -1.70 1.11
0.82 0.93 -1.70 0.84
0.93 0.93 -1.70 3.93
1.03 0.93 -1.70 2.22
1.14 0.93 -1.70 7.77
1.24 0.93 -1.70 2.34
1.35 0.93 -1.70 8.26
1.46 0.93 -1.70 10.94
1.56 0.93 -1.70 7.27
1.67 0.93 -1.70 6.44
1.78 0.93 -1.70 22.46
1.88 0.93 -1.70 8.16
1.99 0.93 -1.70 8.55
2.09 0.93 -1.70 15.04
0.50 0.99 -1.70 0.46
0.61 0.99 -1.70 0.84
0.71 0.99 -1.70 1.07
0.82 0.99 -1.70 4.03
0.93 0.99 -1.70 1.43
1.03 0.99 -1.70 3.18
1.14 0.99 -1.70 5.90
1.24 0.99 -1.70 3.89
1.35 0.99 -1.70 3.99
1.46 0.99 -1.70 9.12
1.56 0.99 -1.70 7.40
1.67 0.99 -1.70 6.51
1.78 0.99 -1.70 9.10
1.88 0.99 -1.70 8.87
1.99 0.99 -1.70 22.62
2.09 0.99 -1.70 9.28
0.50 1.06 -1.70 0.32
0.61 1.06 -1.70 0.65
0.71 1.06 -1.70 2.72
0.82 1.06 -1.70 2.22
0.93 1.06 -1.70 4.55
1.03 1.06 -1.70 1.49
1.14 1.06 -1.70 6.20
1.24 1.06 -1.70 6.53
1.35 1.06 -1.70 5.21
1.46 1.06 -1.70 6.37
1.56 1.06 -1.70 7.72
1.67 1.06 -1.70 11.05
1.78 1.06 -1.70 3.71
1.88 1.06 -1.70 7.68
1.99 1.06 -1.70 10.48
2.09 1.06 -1.70 5.31
0.50 1.13 -1.70 0.55
0.61 1.13 -1.70 0.63
0.71 1.13 -1.70 0.64
0.82 1.13 -1.70 3.82
0.93 1.13 -1.70 2.52
1.03 1.13 -1.70 6.00
1.14 1.13 -1.70 2.43
1.24 1.13 -1.70 2.15
1.35 1.13 -1.70 4.03
1.46 1.13 -1.70 14.86
1.56 1.13 -1.70 10.44
1.67 1.13 -1.70 7.28
1.78 1.13 -1.70 7.59
1.88 1.13 -1.70 8.02
1.99 1.13 -1.70 10.33
2.09 1.13 -1.70 5.79
0.50 0.10 -1.53 6.28
0.61 0.10 -1.53 13.09
0.71 0.10 -1.53 26.79
0.82 0.10 -1.53 80.70
0.93 0.10 -1.53 192.72
1.03 0.10 -1.53 241.71
1.14 0.10 -1.53 305.40
1.24 0.10 -1.53 418.57
1.35 0.10 -1.53 455.98
1.46 0.10 -1.53 457.57
1.56 0.10 -1.53 324.83
1.67 0.10 -1.53 235.49
1.78 0.10 -1.53 183.70
1.88 0.10 -1.53 153.56
1.99 0.10 -1.53 130.28
2.09 0.10 -1.53 119.64
0.50 0.17 -1.53 4.12
0.61 0.17 -1.53 6.97
0.71 0.17 -1.53 13.65
0.82 0.17 -1.53 35.30
0.93 0.17 -1.53 86.97
1.03 0.17 -1.53 135.55
1.14 0.17 -1.53 146.54
1.24 0.17 -1.53 157.59
1.35 0.17 -1.53 159.46
1.46 0.17 -1.53 190.51
1.56 0.17 -1.53 257.68
1.67 0.17 -1.53 322.77
1.78 0.17 -1.53 411.83
1.88 0.17 -1.53 385.32
1.99 0.17 -1.53 276.11
2.09 0.17 -1.53 223.09
0.50 0.24 -1.53 1.50
0.61 0.24 -1.53 3.01
0.71 0.24 -1.53 6.35
0.82 0.24 -1.53 16.60
0.93 0.24 -1.53 37.08
1.03 0.24 -1.53 70.11
1.14 0.24 -1.53 75.89
1.24 0.24 -1.53 129.62
1.35 0.24 -1.53 125.52
1.46 0.24 -1.53 105.92
1.56 0.24 -1.53 121.05
1.67 0.24 -1.53 139.16
1.78 0.24 -1.53 193.40
1.88 0.24 -1.53 255.96
1.99 0.24 -1.53 326.52
2.09 0.24 -1.53 335.98
0.50 0.31 -1.53 1.07
0.61 0.31 -1.53 1.43
0.71 0.31 -1.53 3.76
0.82 0.31 -1.53 12.62
0.93 0.31 -1.53 19.34
1.03 0.31 -1.53 32.03
1.14 0.31 -1.53 57.40
1.24 0.31 -1.53 72.40
1.35 0.31 -1.53 90.59
1.46 0.31 -1.53 109.42
1.56 0.31 -1.53 95.21
1.67 0.31 -1.53 94.61
1.78 0.31 -1.53 91.79
1.88 0.31 -1.53 107.55
1.99 0.31 -1.53 155.92
2.09 0.31 -1.53 164.69
0.50 0.38 -1.53 1.08
0.61 0.38 -1.53 1.14
0.71 0.38 -1.53 3.28
0.82 0.38 -1.53 5.62
0.93 0.38 -1.53 13.04
1.03 0.38 -1.53 20.83
1.14 0.38 -1.53 31.59
1.24 0.38 -1.53 35.03
1.35 0.38 -1.53 27.69
1.46 0.38 -1.53 49.07
1.56 0.38 -1.53 104.34
1.67 0.38 -1.53 99.99
1.78 0.38 -1.53 91.65
1.88 0.38 -1.53 88.56
1.99 0.38 -1.53 93.34
2.09 0.38 -1.53 97.98
0.50 0.44 -1.53 0.55
0.61 0.44 -1.53 1.44
0.71 0.44 -1.53 2.11
0.82 0.44 -1.53 4.28
0.93 0.44 -1.53 13.84
1.03 0.44 -1.53 14.86
1.14 0.44 -1.53 15.13
1.24 0.44 -1.53 30.29
1.35 0.44 -1.53 35.72
1.46 0.44 -1.53 46.40
1.56 0.44 -1.53 52.84
1.67 0.44 -1.53 85.43
1.78 0.44 -1.53 100.98
1.88 0.44 -1.53 75.05
1.99 0.44 -1.53 79.22
2.09 0.44 -1.53 78.34
0.50 0.51 -1.53 1.26
0.61 0.51 -1.53 0.80
0.71 0.51 -1.53 1.03
0.82 0.51 -1.53 4.04
0.93 0.51 -1.53 7.09
1.03 0.51 -1.53 16.29
1.14 0.51 -1.53 19.41
1.24 0.51 -1.53 12.22
1.35 0.51 -1.53 33.49
1.46 0.51 -1.53 35.01
1.56 0.51 -1.53 27.53
1.67 0.51 -1.53 30.70
1.78 0.51 -1.53 29.50
1.88 0.51 -1.53 94.74
1.99 0.51 -1.53 63.68
2.09 0.51 -1.53 86.39
0.50 0.58 -1.53 0.54
0.61 0.58 -1.53 1.48
0.71 0.58 -1.53 0.80
0.82 0.58 -1.53 4.01
0.93 0.58 -1.53 6.20
1.03 0.58 -1.53 3.56
1.14 0.58 -1.53 13.77
1.24 0.58 -1.53 12.43
1.35 0.58 -1.53 21.07
1.46 0.58 -1.53 16.78
1.56 0.58 -1.53 32.54
1.67 0.58 -1.53 34.55
1.78 0.58 -1.53 27.96
1.88 0.58 -1.53 50.20
1.99 0.58 -1.53 49.38
2.09 0.58 -1.53 94.42
0.50 0.65 -1.53 0.70
0.61 0.65 -1.53 0.67
0.71 0.65 -1.53 1.29
0.82 0.65 -1.53 2.51
0.93 0.65 -1.53 3.27
1.03 0.65 -1.53 6.66
1.14 0.65 -1.53 10.23
1.24 0.65 -1.53 12.22
1.35 0.65 -1.53 14.97
1.46 0.65 -1.53 15.70
1.56 0.65 -1.53 33.41
1.67 0.65 -1.53 29.23
1.78 0.65 -1.53 24.62
1.88 0.65 -1.53 34.00
1.99 0.65 -1.53 42.11
2.09 0.65 -1.53 40.59
0.50 0.72 -1.53 0.56
0.61 0.72 -1.53 0.59
0.71 0.72 -1.53 1.12
0.82 0.72 -1.53 2.06
0.93 0.72 -1.53 4.15
1.03 0.72 -1.53 3.13
1.14 0.72 -1.53 9.84
1.24 0.72 -1.53 11.94
1.35 0.72 -1.53 14.85
1.46 0.72 -1.53 10.77
1.56 0.72 -1.53 18.42
1.67 0.72 -1.53 15.47
1.78 0.72 -1.53 21.31
1.88 0.72 -1.53 26.22
1.99 0.72 -1.53 31.21
2.09 0.72 -1.53 33.69
0.50 0.79 -1.53 0.43
0.61 0.79 -1.53 0.45
0.71 0.79 -1.53 1.39
0.82 0.79 -1.53 0.95
0.93 0.79 -1.53 2.80
1.03 0.79 -1.53 3.33
1.14 0.79 -1.53 13.49
1.24 0.79 -1.53 8.26
1.35 0.79 -1.53 16.69
1.46 0.79 -1.53 14.53
1.56 0.79 -1.53 16.85
1.67 0.79 -1.53 18.20
1.78 0.79 -1.53 10.85
1.88 0.79 -1.53 17.33
1.99 0.79 -1.53 19.02
2.09 0.79 -1.53 32.95
0.50 0.86 -1.53 0.49
0.61 0.86 -1.53 0.45
0.71 0.86 -1.53 0.91
0.82 0.86 -1.53 2.95
0.93 0.86 -1.53 1.37
1.03 0.86 -1.53 3.36
1.14 0.86 -1.53 11.46
1.24 0.86 -1.53 9.49
1.35 0.86 -1.53 11.93
1.46 0.86 -1.53 15.43
1.56 0.86 -1.53 9.97
1.67 0.86 -1.53 9.88
1.78 0.86 -1.53 18.32
1.88 0.86 -1.53 20.02
1.99 0.86 -1.53 20.51
2.09 0.86 -1.53 10.64
0.50 0.93 -1.53 0.54
0.61 0.93 -1.53 0.78
0.71 0.93 -1.53 1.19
0.82 0.93 -1.53 1.10
0.93 0.93 -1.53 3.05
1.03 0.93 -1.53 2.36
1.14 0.93 -1.53 3.61
1.24 0.93 -1.53 6.87
1.35 0.93 -1.53 12.24
1.46 0.93 -1.53 8.16
1.56 0.93 -1.53 10.81
1.67 0.93 -1.53 10.72
1.78 0.93 -1.53 8.34
1.88 0.93 -1.53 12.81
1.99 0.93 -1.53 20.02
2.09 0.93 -1.53 10.61
0.50 0.99 -1.53 0.51
0.61 0.99 -1.53 0.41
0.71 0.99 -1.53 1.71
0.82 0.99 -1.53 1.85
0.93 0.99 -1.53 1.40
1.03 0.99 -1.53 3.66
1.14 0.99 -1.53 6.65
1.24 0.99 -1.53 3.98
1.35 0.99 -1.53 6.24
1.46 0.99 -1.53 10.74
1.56 0.99 -1.53 12.41
1.67 0.99 -1.53 15.03
1.78 0.99 -1.53 17.32
1.88 0.99 -1.53 9.57
1.99 0.99 -1.53 16.53
2.09 0.99 -1.53 18.49
0.50 1.06 -1.53 0.32
0.61 1.06 -1.53 0.64
0.71 1.06 -1.53 0.91
0.82 1.06 -1.53 2.65
0.93 1.06 -1.53 2.76
1.03 1.06 -1.53 2.19
1.14 1.06 -1.53 1.89
1.24 1.06 -1.53 7.40
1.35 1.06 -1.53 4.24
1.46 1.06 -1.53 9.00
1.56 1.06 -1.53 9.91
1.67 1.06 -1.53 8.75
1.78 1.06 -1.53 8.31
1.88 1.06 -1.53 11.80
1.99 1.06 -1.53 10.55
2.09 1.06 -1.53 15.23
0.50 1.13 -1.53 0.41
0.61 1.13 -1.53 0.70
0.71 1.13 -1.53 1.99
0.82 1.13 -1.53 1.41
0.93 1.13 -1.53 7.08
1.03 1.13 -1.53 2.79
1.14 1.13 -1.53 9.50
1.24 1.13 -1.53 2.67
1.35 1.13 -1.53 6.35
1.46 1.13 -1.53 13.99
1.56 1.13 -1.53 9.13
1.67 1.13 -1.53 10.70
1.78 1.13 -1.53 14.97
1.88 1.13 -1.53 10.00
1.99 1.13 -1.53 8.05
2.09 1.13 -1.53 9.30
0.50 0.10 -1.35 6.69
0.61 0.10 -1.35 16.00
0.71 0.10 -1.35 30.59
0.82 0.10 -1.35 75.62
0.93 0.10 -1.35 188.92
1.03 0.10 -1.35 242.19
1.14 0.10 -1.35 276.41
1.24 0.10 -1.35 322.34
1.35 0.10 -1.35 425.75
1.46 0.10 -1.35 467.27
1.56 0.10 -1.35 408.64
1.67 0.10 -1.35 271.28
1.78 0.10 -1.35 206.48
1.88 0.10 -1.35 164.23
1.99 0.10 -1.35 137.11
2.09 0.10 -1.35 123.77
0.50 0.17 -1.35 3.42
0.61 0.17 -1.35 7.53
0.71 0.17 -1.35 13.69
0.82 0.17 -1.35 35.82
0.93 0.17 -1.35 96.62
1.03 0.17 -1.35 143.03
1.14 0.17 -1.35 165.60
1.24 0.17 -1.35 144.16
1.35 0.17 -1.35 141.92
1.46 0.17 -1.35 168.68
1.56 0.17 -1.35 203.22
1.67 0.17 -1.35 302.80
1.78 0.17 -1.35 331.30
1.88 0.17 -1.35 399.67
1.99 0.17 -1.35 340.22
2.09 0.17 -1.35 244.39
0.50 0.24 -1.35 2.13
0.61 0.24 -1.35 3.95
0.71 0.24 -1.35 6.45
0.82 0.24 -1.35 17.18
0.93 0.24 -1.35 40.47
1.03 0.24 -1.35 70.80
1.14 0.24 -1.35 93.31
1.24 0.24 -1.35 125.06
1.35 0.24 -1.35 121.05
1.46 0.24 -1.35 101.84
1.56 0.24 -1.35 93.99
1.67 0.24 -1.35 131.49
1.78 0.24 -1.35 156.31
1.88 0.24 -1.35 203.08
1.99 0.24 -1.35 287.78
2.09 0.24 -1.35 284.14
0.50 0.31 -1.35 1.25
0.61 0.31 -1.35 2.91
0.71 0.31 -1.35 4.28
0.82 0.31 -1.35 10.31
0.93 0.31 -1.35 32.33
1.03 0.31 -1.35 33.51
1.14 0.31 -1.35 61.47
1.24 0.31 -1.35 85.94
1.35 0.31 -1.35 95.89
1.46 0.31 -1.35 111.89
1.56 0.31 -1.35 100.13
1.67 0.31 -1.35 86.82
1.78 0.31 -1.35 84.95
1.88 0.31 -1.35 92.75
1.99 0.31 -1.35 123.21
2.09 0.31 -1.35 179.93
0.50 0.38 -1.35 0.73
0.61 0.38 -1.35 1.52
0.71 0.38 -1.35 2.14
0.82 0.38 -1.35 6.24
0.93 0.38 -1.35 15.98
1.03 0.38 -1.35 40.83
1.14 0.38 -1.35 28.59
1.24 0.38 -1.35 34.49
1.35 0.38 -1.35 51.72
1.46 0.38 -1.35 69.02
1.56 0.38 -1.35 107.15
1.67 0.38 -1.35 119.18
1.78 0.38 -1.35 73.95
1.88 0.38 -1.35 73.28
1.99 0.38 -1.35 78.10
2.09 0.38 -1.35 78.89
0.50 0.44 -1.35 1.01
0.61 0.44 -1.35 1.19
0.71 0.44 -1.35 2.62
0.82 0.44 -1.35 5.45
0.93 0.44 -1.35 13.56
1.03 0.44 -1.35 12.96
1.14 0.44 -1.35 33.08
1.24 0.44 -1.35 30.86
1.35 0.44 -1.35 40.43
1.46 0.44 -1.35 50.21
1.56 0.44 -1.35 55.85
1.67 0.44 -1.35 70.99
1.78 0.44 -1.35 77.92
1.88 0.44 -1.35 87.19
1.99 0.44 -1.35 68.77
2.09 0.44 -1.35 65.37
0.50 0.51 -1.35 0.66
0.61 0.51 -1.35 1.77
0.71 0.51 -1.35 3.16
0.82 0.51 -1.35 4.47
0.93 0.51 -1.35 8.25
1.03 0.51 -1.35 22.65
1.14 0.51 -1.35 32.48
1.24 0.51 -1.35 35.97
1.35 0.51 -1.35 39.42
1.46 0.51 -1.35 31.54
1.56 0.51 -1.35 38.37
1.67 0.51 -1.35 55.51
1.78 0.51 -1.35 60.77
1.88 0.51 -1.35 84.34
1.99 0.51 -1.35 78.79
2.09 0.51 -1.35 63.81
0.50 0.58 -1.35 0.76
0.61 0.58 -1.35 1.12
0.71 0.58 -1.35 1.19
0.82 0.58 -1.35 3.45
0.93 0.58 -1.35 6.94
1.03 0.58 -1.35 7.73
1.14 0.58 -1.35 24.91
1.24 0.58 -1.35 16.90
1.35 0.58 -1.35 20.04
1.46 0.58 -1.35 31.33
1.56 0.58 -1.35 32.78
1.67 0.58 -1.35 34.79
1.78 0.58 -1.35 52.99
1.88 0.58 -1.35 39.70
1.99 0.58 -1.35 103.07
2.09 0.58 -1.35 68.67
0.50 0.65 -1.35 0.82
0.61 0.65 -1.35 0.73
0.71 0.65 -1.35 1.84
0.82 0.65 -1.35 2.59
0.93 0.65 -1.35 7.88
1.03 0.65 -1.35 5.30
1.14 0.65 -1.35 17.64
1.24 0.65 -1.35 23.77
1.35 0.65 -1.35 14.63
1.46 0.65 -1.35 24.62
1.56 0.65 -1.35 37.25
1.67 0.65 -1.35 23.24
1.78 0.65 -1.35 22.81
1.88 0.65 -1.35 39.25
1.99 0.65 -1.35 28.42
2.09 0.65 -1.35 27.27
0.50 0.72 -1.35 0.84
0.61 0.72 -1.35 0.99
0.71 0.72 -1.35 1.33
0.82 0.72 -1.35 3.43
0.93 0.72 -1.35 5.10
1.03 0.72 -1.35 7.23
1.14 0.72 -1.35 16.38
1.24 0.72 -1.35 17.15
1.35 0.72 -1.35 15.76
1.46 0.72 -1.35 22.66
1.56 0.72 -1.35 27.91
1.67 0.72 -1.35 27.34
1.78 0.72 -1.35 24.41
1.88 0.72 -1.35 35.15
1.99 0.72 -1.35 29.97
2.09 0.72 -1.35 27.60
0.50 0.79 -1.35 0.60
0.61 0.79 -1.35 1.09
0.71 0.79 -1.35 1.07
0.82 0.79 -1.35 1.02
0.93 0.79 -1.35 7.42
1.03 0.79 -1.35 4.33
1.14 0.79 -1.35 17.52
1.24 0.79 -1.35 13.24
1.35 0.79 -1.35 12.21
1.46 0.79 -1.35 15.77
1.56 0.79 -1.35 18.87
1.67 0.79 -1.35 23.96
1.78 0.79 -1.35 16.54
1.88 0.79 -1.35 28.52
1.99 0.79 -1.35 33.79
2.09 0.79 -1.35 29.12
0.50 0.86 -1.35 0.91
0.61 0.86 -1.35 0.76
0.71 0.86 -1.35 1.23
0.82 0.86 -1.35 2.55
0.93 0.86 -1.35 2.97
1.03 0.86 -1.35 4.17
1.14 0.86 -1.35 10.66
1.24 0.86 -1.35 12.56
1.35 0.86 -1.35 16.63
1.46 0.86 -1.35 19.18
1.56 0.86 -1.35 14.04
1.67 0.86 -1.35 22.10
1.78 0.86 -1.35 26.72
1.88 0.86 -1.35 26.75
1.99 0.86 -1.35 21.13
2.09 0.86 -1.35 23.93
0.50 0.93 -1.35 0.63
0.61 0.93 -1.35 0.76
0.71 0.93 -1.35 1.02
0.82 0.93 -1.35 2.55
0.93 0.93 -1.35 1.93
1.03 0.93 -1.35 4.74
1.14 0.93 -1.35 4.51
1.24 0.93 -1.35 8.82
1.35 0.93 -1.35 17.32
1.46 0.93 -1.35 11.22
1.56 0.93 -1.35 13.26
1.67 0.93 -1.35 15.28
1.78 0.93 -1.35 13.72
1.88 0.93 -1.35 21.52
1.99 0.93 -1.35 22.94
2.09 0.93 -1.35 19.32
0.50 0.99 -1.35 0.71
0.61 0.99 -1.35 0.85
0.71 0.99 -1.35 1.10
0.82 0.99 -1.35 2.75
0.93 0.99 -1.35 6.60
1.03 0.99 -1.35 10.32
1.14 0.99 -1.35 13.06
1.24 0.99 -1.35 14.90
1.35 0.99 -1.35 15.82
1.46 0.99 -1.35 13.46
1.56 0.99 -1.35 12.96
1.67 0.99 -1.35 10.31
1.78 0.99 -1.35 14.89
1.88 0.99 -1.35 29.73
1.99 0.99 -1.35 9.98
2.09 0.99 -1.35 29.63
0.50 1.06 -1.35 0.69
0.61 1.06 -1.35 0.93
0.71 1.06 -1.35 1.17
0.82 1.06 -1.35 2.50
0.93 1.06 -1.35 4.58
1.03 1.06 -1.35 11.06
1.14 1.06 -1.35 7.87
1.24 1.06 -1.35 9.63
1.35 1.06 -1.35 9.03
1.46 1.06 -1.35 14.68
1.56 1.06 -1.35 9.94
1.67 1.06 -1.35 11.89
1.78 1.06 -1.35 10.24
1.88 1.06 -1.35 28.34
1.99 1.06 -1.35 14.35
2.09 1.06 -1.35 17.38
0.50 1.13 -1.35 0.94
0.61 1.13 -1.35 0.79
0.71 1.13 -1.35 1.59
0.82 1.13 -1.35 5.55
0.93 1.13 -1.35 1.93
1.03 1.13 -1.35 5.17
1.14 1.13 -1.35 9.14
1.24 1.13 -1.35 5.68
1.35 1.13 -1.35 15.70
1.46 1.13 -1.35 9.69
1.56 1.13 -1.35 11.23
1.67 1.13 -1.35 14.50
1.78 1.13 -1.35 15.77
1.88 1.13 -1.35 7.62
1.99 1.13 -1.35 10.71
2.09 1.13 -1.35 17.71
0.50 0.10 -1.17 7.15
0.61 0.10 -1.17 15.16
0.71 0.10 -1.17 29.98
0.82 0.10 -1.17 73.74
0.93 0.10 -1.17 183.73
1.03 0.10 -1.17 228.23
1.14 0.10 -1.17 246.81
1.24 0.10 -1.17 291.96
1.35 0.10 -1.17 373.71
1.46 0.10 -1.17 430.87
1.56 0.10 -1.17 415.75
1.67 0.10 -1.17 311.29
1.78 0.10 -1.17 221.61
1.88 0.10 -1.17 172.39
1.99 0.10 -1.17 148.29
2.09 0.10 -1.17 128.87
0.50 0.17 -1.17 3.54
0.61 0.17 -1.17 7.62
0.71 0.17 -1.17 15.00
0.82 0.17 -1.17 42.27
0.93 0.17 -1.17 106.55
1.03 0.17 -1.17 134.64
1.14 0.17 -1.17 152.31
1.24 0.17 -1.17 138.00
1.35 0.17 -1.17 142.02
1.46 0.17 -1.17 149.60
1.56 0.17 -1.17 203.03
1.67 0.17 -1.17 275.00
1.78 0.17 -1.17 321.65
1.88 0.17 -1.17 353.88
1.99 0.17 -1.17 376.07
2.09 0.17 -1.17 286.10
0.50 0.24 -1.17 2.27
0.61 0.24 -1.17 3.12
0.71 0.24 -1.17 10.06
0.82 0.24 -1.17 24.96
0.93 0.24 -1.17 57.56
1.03 0.24 -1.17 83.20
1.14 0.24 -1.17 116.51
1.24 0.24 -1.17 124.05
1.35 0.24 -1.17 115.03
1.46 0.24 -1.17 97.08
1.56 0.24 -1.17 93.49
1.67 0.24 -1.17 104.45
1.78 0.24 -1.17 129.42
1.88 0.24 -1.17 181.87
1.99 0.24 -1.17 257.42
2.09 0.24 -1.17 274.84
0.50 0.31 -1.17 1.43
0.61 0.31 -1.17 2.64
0.71 0.31 -1.17 6.47
0.82 0.31 -1.17 16.01
0.93 0.31 -1.17 27.62
1.03 0.31 -1.17 56.86
1.14 0.31 -1.17 66.59
1.24 0.31 -1.17 90.05
1.35 0.31 -1.17 88.32
1.46 0.31 -1.17 108.21
1.56 0.31 -1.17 84.84
1.67 0.31 -1.17 79.00
1.78 0.31 -1.17 76.37
1.88 0.31 -1.17 83.50
1.99 0.31 -1.17 113.02
2.09 0.31 -1.17 147.52
0.50 0.38 -1.17 1.23
0.61 0.38 -1.17 2.19
0.71 0.38 -1.17 3.94
0.82 0.38 -1.17 8.56
0.93 0.38 -1.17 22.96
1.03 0.38 -1.17 37.15
1.14 0.38 -1.17 56.37
1.24 0.38 -1.17 52.73
1.35 0.38 -1.17 59.31
1.46 0.38 -1.17 105.72
1.56 0.38 -1.17 104.59
1.67 0.38 -1.17 82.00
1.78 0.38 -1.17 74.58
1.88 0.38 -1.17 72.21
1.99 0.38 -1.17 68.93
2.09 0.38 -1.17 78.91
0.50 0.44 -1.17 1.09
0.61 0.44 -1.17 2.34
0.71 0.44 -1.17 2.52
0.82 0.44 -1.17 5.72
0.93 0.44 -1.17 15.86
1.03 0.44 -1.17 28.42
1.14 0.44 -1.17 57.13
1.24 0.44 -1.17 33.95
1.35 0.44 -1.17 47.37
1.46 0.44 -1.17 71.80
1.56 0.44 -1.17 74.71
1.67 0.44 -1.17 102.11
1.78 0.44 -1.17 83.00
1.88 0.44 -1.17 77.53
1.99 0.44 -1.17 73.40
2.09 0.44 -1.17 65.86
0.50 0.51 -1.17 0.83
0.61 0.51 -1.17 1.99
0.71 0.51 -1.17 2.15
0.82 0.51 -1.17 8.45
0.93 0.51 -1.17 12.57
1.03 0.51 -1.17 16.49
1.14 0.51 -1.17 32.60
1.24 0.51 -1.17 33.03
1.35 0.51 -1.17 42.60
1.46 0.51 -1.17 43.02
1.56 0.51 -1.17 62.24
1.67 0.51 -1.17 63.25
1.78 0.51 -1.17 97.57
1.88 0.51 -1.17 92.75
1.99 0.51 -1.17 76.68
2.09 0.51 -1.17 62.37
0.50 0.58 -1.17 0.84
0.61 0.58 -1.17 1.35
0.71 0.58 -1.17 1.94
0.82 0.58 -1.17 5.54
0.93 0.58 -1.17 8.23
1.03 0.58 -1.17 16.30
1.14 0.58 -1.17 23.56
1.24 0.58 -1.17 25.35
1.35 0.58 -1.17 23.75
1.46 0.58 -1.17 35.92
1.56 0.58 -1.17 37.06
1.67 0.58 -1.17 40.59
1.78 0.58 -1.17 75.80
1.88 0.58 -1.17 61.56
1.99 0.58 -1.17 76.33
2.09 0.58 -1.17 82.57
0.50 0.65 -1.17 0.81
0.61 0.65 -1.17 1.15
0.71 0.65 -1.17 1.31
0.82 0.65 -1.17 3.73
0.93 0.65 -1.17 10.77
1.03 0.65 -1.17 13.97
1.14 0.65 -1.17 22.58
1.24 0.65 -1.17 29.01
1.35 0.65 -1.17 25.80
1.46 0.65 -1.17 34.55
1.56 0.65 -1.17 31.48
1.67 0.65 -1.17 33.10
1.78 0.65 -1.17 42.75
1.88 0.65 -1.17 36.61
1.99 0.65 -1.17 72.73
2.09 0.65 -1.17 59.29
0.50 0.72 -1.17 0.83
0.61 0.72 -1.17 0.81
0.71 0.72 -1.17 1.32
0.82 0.72 -1.17 4.00
0.93 0.72 -1.17 8.29
1.03 0.72 -1.17 11.31
1.14 0.72 -1.17 21.12
1.24 0.72 -1.17 32.94
1.35 0.72 -1.17 24.11
1.46 0.72 -1.17 27.16
1.56 0.72 -1.17 32.28
1.67 0.72 -1.17 32.08
1.78 0.72 -1.17 26.05
1.88 0.72 -1.17 44.08
1.99 0.72 -1.17 35.33
2.09 0.72 -1.17 68.53
0.50 0.79 -1.17 0.90
0.61 0.79 -1.17 1.35
0.71 0.79 -1.17 2.09
0.82 0.79 -1.17 2.47
0.93 0.79 -1.17 4.23
1.03 0.79 -1.17 7.94
1.14 0.79 -1.17 11.38
1.24 0.79 -1.17 21.52
1.35 0.79 -1.17 23.09
1.46 0.79 -1.17 27.72
1.56 0.79 -1.17 18.20
1.67 0.79 -1.17 29.04
1.78 0.79 -1.17 21.41
1.88 0.79 -1.17 30.91
1.99 0.79 -1.17 25.77
2.09 0.79 -1.17 32.47
0.50 0.86 -1.17 0.76
0.61 0.86 -1.17 1.28
0.71 0.86 -1.17 1.62
0.82 0.86 -1.17 4.53
0.93 0.86 -1.17 5.61
1.03 0.86 -1.17 6.47
1.14 0.86 -1.17 12.47
1.24 0.86 -1.17 11.64
1.35 0.86 -1.17 21.04
1.46 0.86 -1.17 19.54
1.56 0.86 -1.17 13.68
1.67 0.86 -1.17 20.09
1.78 0.86 -1.17 29.45
1.88 0.86 -1.17 32.13
1.99 0.86 -1.17 25.95
2.09 0.86 -1.17 27.76
0.50 0.93 -1.17 1.03
0.61 0.93 -1.17 1.03
0.71 0.93 -1.17 1.84
0.82 0.93 -1.17 3.21
0.93 0.93 -1.17 5.23
1.03 0.93 -1.17 13.59
1.14 0.93 -1.17 11.39
1.24 0.93 -1.17 22.45
1.35 0.93 -1.17 15.81
1.46 0.93 -1.17 15.19
1.56 0.93 -1.17 28.04
1.67 0.93 -1.17 25.21
1.78 0.93 -1.17 36.31
1.88 0.93 -1.17 19.25
1.99 0.93 -1.17 22.41
2.09 0.93 -1.17 24.40
0.50 0.99 -1.17 0.72
0.61 0.99 -1.17 0.89
0.71 0.99 -1.17 1.87
0.82 0.99 -1.17 3.12
0.93 0.99 -1.17 2.40
1.03 0.99 -1.17 4.78
1.14 0.99 -1.17 14.16
1.24 0.99 -1.17 19.31
1.35 0.99 -1.17 17.07
1.46 0.99 -1.17 14.74
1.56 0.99 -1.17 20.32
1.67 0.99 -1.17 19.58
1.78 0.99 -1.17 24.14
1.88 0.99 -1.17 13.06
1.99 0.99 -1.17 24.53
2.09 0.99 -1.17 23.03
0.50 1.06 -1.17 0.55
0.61 1.06 -1.17 1.22
0.71 1.06 -1.17 1.32
0.82 1.06 -1.17 4.26
0.93 1.06 -1.17 3.35
1.03 1.06 -1.17 10.41
1.14 1.06 -1.17 8.99
1.24 1.06 -1.17 7.20
1.35 1.06 -1.17 16.00
1.46 1.06 -1.17 14.93
1.56 1.06 -1.17 15.45
1.67 1.06 -1.17 12.74
1.78 1.06 -1.17 18.84
1.88 1.06 -1.17 27.68
1.99 1.06 -1.17 22.60
2.09 1.06 -1.17 28.33
0.50 1.13 -1.17 1.09
0.61 1.13 -1.17 1.06
0.71 1.13 -1.17 1.23
0.82 1.13 -1.17 3.00
0.93 1.13 -1.17 2.28
1.03 1.13 -1.17 6.82
1.14 1.13 -1.17 14.88
1.24 1.13 -1.17 9.56
1.35 1.13 -1.17 15.29
1.46 1.13 -1.17 17.99
1.56 1.13 -1.17 13.14
1.67 1.13 -1.17 24.79
1.78 1.13 -1.17 14.59
1.88 1.13 -1.17 13.52
1.99 1.13 -1.17 23.90
2.09 1.13 -1.17 17.89
