4.604519e-01	1.231795e+05	1.023936e+03	7.308333e+05
5.430952e-01	8.271259e+04	1.340397e+03	4.184362e+05
6.501174e-01	2.622210e+04	-3.814612e+02	1.122770e+05
7.392486e-01	1.057822e+04	4.076480e+02	3.933331e+04
8.607184e-01	4.113177e+03	5.947947e+01	1.312544e+04
1.008677e+00	1.615910e+03	2.540261e+01	4.410964e+03
1.176465e+00	1.468149e+02	2.614730e+00	3.437591e+02
1.377339e+00	2.041758e+02	-1.092460e+00	4.090486e+02
1.609920e+00	4.497983e+02	-2.810518e+00	7.717780e+02
1.842772e+00	3.244260e+02	9.263560e-01	4.818226e+02
2.212120e+00	6.492907e+01	1.270191e-01	8.171479e+01
2.514921e+00	6.189398e+01	9.571294e-02	6.759887e+01
2.953464e+00	3.555013e+01	-9.573780e-02	3.338578e+01
3.476524e+00	2.438342e+01	-2.150924e-02	1.967605e+01
3.873786e+00	1.853585e+01	-8.973479e-02	1.334568e+01
4.705131e+00	1.950455e+01	-2.282247e-02	1.272583e+01
5.345996e+00	8.556217e+00	6.833854e-02	8.146433e+00
6.232336e+00	5.282343e+00	-4.236915e-03	5.484646e+00
7.474485e+00	4.441650e+00	1.013540e-02	7.305970e+00
8.538385e+00	1.300786e+00	-1.775791e-03	6.305062e+00
1.006716e+01	1.724593e+00	-3.789850e-03	5.754237e+00
1.156564e+01	7.825225e-01	2.043659e-03	6.063359e+00
1.365963e+01	4.177370e-01	-3.499274e-05	5.842281e+00
1.570602e+01	2.947780e-01	1.231900e-03	6.770342e+00
1.833175e+01	1.668119e-01	9.057789e-06	6.585023e+00
2.146687e+01	1.040523e-01	-1.519839e-04	6.444269e+00
2.547868e+01	8.134186e-02	-9.825826e-04	1.142957e+01
2.962403e+01	4.215338e-02	-1.621099e-03	7.991757e+00
3.359023e+01	3.719791e-02	2.764327e-04	1.635373e+01
3.904901e+01	5.118233e-03	-1.347003e-03	2.911947e+01
4.607431e+01	-4.038170e-03	-3.720567e-03	8.446174e+01
5.463367e+01	1.393453e-03	-2.496404e-03	9.824252e+01
6.283456e+01	-4.475453e-04	1.075840e-02	1.530999e+02
